// Drag coefficient polar, from OC6 Phase III
// alpha[deg] 
// Re = 0.0E+0 5.0E+04 6.0E+04 7.5E+04 1.0E+05 1.5E+05 1.7E+05 2.0E+05 
(-180.0000 0.0000 0.1938 0.2057 0.1945 0.1943 0.1744 0.1584 0.1912)
(-178.5710 0.0000 0.1945 0.2064 0.1952 0.1950 0.1750 0.1591 0.1919)
(-177.1430 0.0000 0.1964 0.2082 0.1971 0.1969 0.1769 0.1610 0.1938)
(-175.7140 0.0000 0.1995 0.2114 0.2002 0.2000 0.1801 0.1642 0.1969)
(-174.2860 0.0000 0.2040 0.2158 0.2046 0.2045 0.1846 0.1687 0.2014)
(-172.8570 0.0000 0.2096 0.2214 0.2103 0.2101 0.1903 0.1745 0.2070)
(-171.4290 0.0000 0.2165 0.2282 0.2172 0.2170 0.1972 0.1815 0.2139)
(-170.0000 0.0000 0.2246 0.2363 0.2252 0.2251 0.2054 0.1897 0.2220)
(-168.5710 0.0000 0.2339 0.2455 0.2345 0.2343 0.2148 0.1992 0.2313)
(-167.1430 0.0000 0.2443 0.2559 0.2450 0.2448 0.2253 0.2098 0.2417)
(-165.7140 0.0000 0.2559 0.2674 0.2565 0.2563 0.2370 0.2216 0.2533)
(-164.2860 0.0000 0.2685 0.2800 0.2692 0.2690 0.2498 0.2345 0.2660)
(-162.8570 0.0000 0.2823 0.2936 0.2829 0.2828 0.2637 0.2484 0.2798)
(-161.4290 0.0000 0.2971 0.3083 0.2977 0.2975 0.2786 0.2635 0.2946)
(-160.0000 0.0000 0.3128 0.3240 0.3135 0.3133 0.2945 0.2795 0.3104)
(-155.0000 0.0000 0.3752 0.3859 0.3758 0.3756 0.3575 0.3431 0.3728)
(-150.0000 0.0000 0.4471 0.4574 0.4477 0.4475 0.4302 0.4164 0.4449)
(-145.0000 0.0000 0.5263 0.5360 0.5268 0.5267 0.5103 0.4972 0.5241)
(-140.0000 0.0000 0.6100 0.6191 0.6105 0.6104 0.5951 0.5829 0.6080)
(-135.0000 0.0000 0.6955 0.7039 0.6960 0.6959 0.6818 0.6705 0.6937)
(-130.0000 0.0000 0.7800 0.7877 0.7805 0.7804 0.7675 0.7573 0.7784)
(-125.0000 0.0000 0.8607 0.8675 0.8611 0.8610 0.8495 0.8404 0.8592)
(-120.0000 0.0000 0.9346 0.9406 0.9350 0.9349 0.9249 0.9169 0.9333)
(-115.0000 0.0000 0.9994 1.0044 0.9997 0.9996 0.9911 0.9844 0.9983)
(-110.0000 0.0000 1.0526 1.0566 1.0528 1.0528 1.0459 1.0405 1.0517)
(-105.0000 0.0000 1.0923 1.0954 1.0925 1.0924 1.0872 1.0831 1.0916)
(-100.0000 0.0000 1.1169 1.1190 1.1170 1.1170 1.1135 1.1108 1.1165)
(-95.0000 0.0000 1.1253 1.1264 1.1254 1.1254 1.1236 1.1223 1.1251)
(-90.0000 0.0000 1.1169 1.1169 1.1169 1.1169 1.1169 1.1169 1.1169)
(-85.0000 0.0000 1.1253 1.1264 1.1254 1.1254 1.1236 1.1223 1.1251)
(-80.0000 0.0000 1.1169 1.1190 1.1170 1.1170 1.1135 1.1108 1.1165)
(-75.0000 0.0000 1.0923 1.0954 1.0925 1.0924 1.0872 1.0831 1.0916)
(-70.0000 0.0000 1.0526 1.0566 1.0528 1.0528 1.0459 1.0405 1.0517)
(-65.0000 0.0000 0.9994 1.0044 0.9997 0.9996 0.9911 0.9844 0.9983)
(-60.0000 0.0000 0.9346 0.9406 0.9350 0.9349 0.9249 0.9169 0.9333)
(-55.0000 0.0000 0.8607 0.8675 0.8611 0.8610 0.8495 0.8404 0.8592)
(-50.0000 0.0000 0.7800 0.7877 0.7805 0.7804 0.7675 0.7573 0.7784)
(-45.0000 0.0000 0.6955 0.7039 0.6960 0.6959 0.6818 0.6705 0.6937)
(-40.0000 0.0000 0.6100 0.6191 0.6105 0.6104 0.5951 0.5829 0.6080)
(-35.0000 0.0000 0.5263 0.5360 0.5268 0.5267 0.5103 0.4972 0.5241)
(-30.0000 0.0000 0.4471 0.4574 0.4477 0.4475 0.4302 0.4164 0.4449)
(-25.0000 0.0000 0.3752 0.3859 0.3758 0.3756 0.3575 0.3431 0.3728)
(-20.0000 0.0000 0.3128 0.3240 0.3135 0.3133 0.2945 0.2795 0.3104)
(-19.2860 0.0000 0.3000 0.3105 0.3011 0.3006 0.2829 0.2692 0.2979)
(-18.5710 0.0000 0.2872 0.2970 0.2887 0.2880 0.2713 0.2588 0.2854)
(-17.8570 0.0000 0.2744 0.2835 0.2763 0.2753 0.2597 0.2484 0.2729)
(-17.1430 0.0000 0.2617 0.2700 0.2639 0.2626 0.2482 0.2380 0.2604)
(-16.4290 0.0000 0.2489 0.2565 0.2515 0.2500 0.2366 0.2276 0.2479)
(-15.7140 0.0000 0.2361 0.2430 0.2392 0.2373 0.2250 0.2172 0.2354)
(-15.0000 0.0000 0.2233 0.2295 0.2268 0.2246 0.2134 0.2068 0.2229)
(-14.2860 0.0000 0.2105 0.2160 0.2144 0.2120 0.2018 0.1965 0.2105)
(-13.5710 0.0000 0.1977 0.2025 0.2020 0.1993 0.1902 0.1861 0.1980)
(-12.8570 0.0000 0.1849 0.1890 0.1896 0.1866 0.1787 0.1757 0.1855)
(-12.1430 0.0000 0.1721 0.1755 0.1772 0.1740 0.1671 0.1653 0.1730)
(-11.4290 0.0000 0.1594 0.1620 0.1649 0.1613 0.1555 0.1549 0.1605)
(-10.0000 0.0000 0.1570 0.1582 0.1605 0.1518 0.1434 0.1446 0.1454)
(-9.0000 0.0000 0.1383 0.1433 0.1440 0.1361 0.1267 0.1262 0.1273)
(-8.0000 0.0000 0.1202 0.1290 0.1280 0.1210 0.1107 0.1086 0.1101)
(-7.0000 0.0000 0.1037 0.1099 0.1086 0.1032 0.0920 0.0905 0.0881)
(-6.0000 0.0000 0.0877 0.0907 0.0894 0.0859 0.0738 0.0730 0.0659)
(-5.0000 0.0000 0.0654 0.0722 0.0660 0.0587 0.0493 0.0481 0.0444)
(-4.0000 0.0000 0.0432 0.0502 0.0445 0.0314 0.0244 0.0228 0.0226)
(-3.0000 0.0000 0.0368 0.0447 0.0392 0.0267 0.0219 0.0201 0.0201)
(-2.0000 0.0000 0.0304 0.0394 0.0341 0.0220 0.0191 0.0172 0.0175)
(-1.0000 0.0000 0.0272 0.0396 0.0346 0.0210 0.0171 0.0158 0.0155)
(0.0000 0.0000 0.0240 0.0398 0.0352 0.0198 0.0151 0.0145 0.0136)
(1.0000 0.0000 0.0297 0.0411 0.0400 0.0177 0.0139 0.0130 0.0129)
(2.0000 0.0000 0.0388 0.0428 0.0387 0.0159 0.0143 0.0134 0.0135)
(3.0000 0.0000 0.0324 0.0394 0.0371 0.0180 0.0148 0.0142 0.0142)
(4.0000 0.0000 0.0315 0.0380 0.0351 0.0195 0.0159 0.0151 0.0152)
(5.0000 0.0000 0.0312 0.0365 0.0340 0.0218 0.0172 0.0164 0.0165)
(6.0000 0.0000 0.0314 0.0367 0.0327 0.0223 0.0189 0.0178 0.0179)
(7.0000 0.0000 0.0359 0.0390 0.0344 0.0236 0.0209 0.0197 0.0196)
(8.0000 0.0000 0.0428 0.0452 0.0400 0.0282 0.0236 0.0222 0.0225)
(9.0000 0.0000 0.0454 0.0487 0.0447 0.0334 0.0276 0.0257 0.0258)
(10.0000 0.0000 0.0485 0.0566 0.0532 0.0414 0.0313 0.0299 0.0296)
(11.0000 0.0000 0.0600 0.0742 0.0625 0.0575 0.0363 0.0341 0.0330)
(12.0000 0.0000 0.0990 0.1736 0.1635 0.1659 0.0435 0.0449 0.0572)
(13.0000 0.0000 0.1597 0.1821 0.1971 0.1856 0.0727 0.1103 0.1486)
(14.0000 0.0000 0.1835 0.2716 0.3235 0.2210 0.1306 0.1395 0.1820)
(15.0000 0.0000 0.2746 0.2891 0.3112 0.3366 0.1709 0.1745 0.2091)
(16.0000 0.0000 0.2849 0.3028 0.3255 0.3487 0.2129 0.2120 0.2908)
(17.0000 0.0000 0.2993 0.3229 0.3342 0.3476 0.2721 0.2685 0.3092)
(18.0000 0.0000 0.3145 0.3359 0.3410 0.3473 0.3261 0.3196 0.3272)
(19.0000 0.0000 0.3343 0.3526 0.3492 0.3518 0.3302 0.3192 0.3398)
(20.0000 0.0000 0.3512 0.3664 0.3555 0.3548 0.3332 0.3181 0.3501)
(25.0000 0.0000 0.4384 0.4531 0.4429 0.4429 0.4220 0.4074 0.4383)
(30.0000 0.0000 0.5353 0.5492 0.5399 0.5404 0.5204 0.5065 0.5359)
(35.0000 0.0000 0.6377 0.6508 0.6423 0.6432 0.6243 0.6111 0.6389)
(40.0000 0.0000 0.7415 0.7534 0.7458 0.7471 0.7295 0.7172 0.7431)
(45.0000 0.0000 0.8424 0.8532 0.8464 0.8480 0.8319 0.8205 0.8444)
(50.0000 0.0000 0.9365 0.9462 0.9401 0.9418 0.9275 0.9172 0.9388)
(55.0000 0.0000 1.0200 1.0285 1.0232 1.0250 1.0125 1.0033 1.0226)
(60.0000 0.0000 1.0894 1.0967 1.0922 1.0939 1.0833 1.0754 1.0922)
(65.0000 0.0000 1.1417 1.1478 1.1441 1.1456 1.1370 1.1303 1.1444)
(70.0000 0.0000 1.1745 1.1793 1.1763 1.1777 1.1709 1.1655 1.1770)
(75.0000 0.0000 1.1861 1.1897 1.1874 1.1884 1.1835 1.1795 1.1881)
(80.0000 0.0000 1.1765 1.1788 1.1772 1.1779 1.1747 1.1719 1.1777)
(85.0000 0.0000 1.1484 1.1495 1.1487 1.1489 1.1473 1.1460 1.1489)
(90.0000 0.0000 1.1169 1.1169 1.1169 1.1169 1.1169 1.1169 1.1169)
(95.0000 0.0000 1.1253 1.1264 1.1254 1.1254 1.1236 1.1223 1.1251)
(100.0000 0.0000 1.1169 1.1190 1.1170 1.1170 1.1135 1.1108 1.1165)
(105.0000 0.0000 1.0923 1.0954 1.0925 1.0924 1.0872 1.0831 1.0916)
(110.0000 0.0000 1.0526 1.0566 1.0528 1.0528 1.0459 1.0405 1.0517)
(115.0000 0.0000 0.9994 1.0044 0.9997 0.9996 0.9911 0.9844 0.9983)
(120.0000 0.0000 0.9346 0.9406 0.9350 0.9349 0.9249 0.9169 0.9333)
(125.0000 0.0000 0.8607 0.8675 0.8611 0.8610 0.8495 0.8404 0.8592)
(130.0000 0.0000 0.7800 0.7877 0.7805 0.7804 0.7675 0.7573 0.7784)
(135.0000 0.0000 0.6955 0.7039 0.6960 0.6959 0.6818 0.6705 0.6937)
(140.0000 0.0000 0.6100 0.6191 0.6105 0.6104 0.5951 0.5829 0.6080)
(145.0000 0.0000 0.5263 0.5360 0.5268 0.5267 0.5103 0.4972 0.5241)
(150.0000 0.0000 0.4471 0.4574 0.4477 0.4475 0.4302 0.4164 0.4449)
(155.0000 0.0000 0.3752 0.3859 0.3758 0.3756 0.3575 0.3431 0.3728)
(160.0000 0.0000 0.3128 0.3240 0.3135 0.3133 0.2945 0.2795 0.3104)
(161.4290 0.0000 0.2971 0.3083 0.2977 0.2975 0.2786 0.2635 0.2946)
(162.8570 0.0000 0.2823 0.2936 0.2829 0.2828 0.2637 0.2484 0.2798)
(164.2860 0.0000 0.2685 0.2800 0.2692 0.2690 0.2498 0.2345 0.2660)
(165.7140 0.0000 0.2559 0.2674 0.2565 0.2563 0.2370 0.2216 0.2533)
(167.1430 0.0000 0.2443 0.2559 0.2450 0.2448 0.2253 0.2098 0.2417)
(168.5710 0.0000 0.2339 0.2455 0.2345 0.2343 0.2148 0.1992 0.2313)
(170.0000 0.0000 0.2246 0.2363 0.2252 0.2251 0.2054 0.1897 0.2220)
(171.4290 0.0000 0.2165 0.2282 0.2172 0.2170 0.1972 0.1815 0.2139)
(172.8570 0.0000 0.2096 0.2214 0.2103 0.2101 0.1903 0.1745 0.2070)
(174.2860 0.0000 0.2040 0.2158 0.2046 0.2045 0.1846 0.1687 0.2014)
(175.7140 0.0000 0.1995 0.2114 0.2002 0.2000 0.1801 0.1642 0.1969)
(177.1430 0.0000 0.1964 0.2082 0.1971 0.1969 0.1769 0.1610 0.1938)
(178.5710 0.0000 0.1945 0.2064 0.1952 0.1950 0.1750 0.1591 0.1919)
(180.0000 0.0000 0.1938 0.2057 0.1945 0.1943 0.1744 0.1584 0.1912)
