// Drag coefficient polar, from OC6 Phase III
// alpha[deg] 
// Re = 0.0E+0 5.0E+04 6.0E+04 7.5E+04 1.0E+05 1.5E+05 1.7E+05 2.0E+05 
(-180.0000 0.0000 0.1938 0.2057 0.1945 0.1943 0.1744 0.1584 0.1912)
(-178.5710 0.0000 0.1945 0.2064 0.1952 0.1950 0.1750 0.1591 0.1919)
(-177.1430 0.0000 0.1964 0.2082 0.1971 0.1969 0.1769 0.1610 0.1938)
(-175.7140 0.0000 0.1995 0.2114 0.2002 0.2000 0.1801 0.1642 0.1969)
(-174.2860 0.0000 0.2040 0.2158 0.2046 0.2045 0.1846 0.1687 0.2014)
(-172.8570 0.0000 0.2096 0.2214 0.2103 0.2101 0.1903 0.1745 0.2070)
(-171.4290 0.0000 0.2165 0.2282 0.2172 0.2170 0.1972 0.1815 0.2139)
(-170.0000 0.0000 0.2246 0.2363 0.2252 0.2251 0.2054 0.1897 0.2220)
(-168.5710 0.0000 0.2339 0.2455 0.2345 0.2343 0.2148 0.1992 0.2313)
(-167.1430 0.0000 0.2443 0.2559 0.2450 0.2448 0.2253 0.2098 0.2417)
(-165.7140 0.0000 0.2559 0.2674 0.2565 0.2563 0.2370 0.2216 0.2533)
(-164.2860 0.0000 0.2685 0.2800 0.2692 0.2690 0.2498 0.2345 0.2660)
(-162.8570 0.0000 0.2823 0.2936 0.2829 0.2828 0.2637 0.2484 0.2798)
(-161.4290 0.0000 0.2971 0.3083 0.2977 0.2975 0.2786 0.2635 0.2946)
(-160.0000 0.0000 0.3128 0.3240 0.3135 0.3133 0.2945 0.2795 0.3104)
(-155.0000 0.0000 0.3752 0.3859 0.3758 0.3756 0.3575 0.3431 0.3728)
(-150.0000 0.0000 0.4471 0.4574 0.4477 0.4475 0.4302 0.4164 0.4449)
(-145.0000 0.0000 0.5263 0.5360 0.5268 0.5267 0.5103 0.4972 0.5241)
(-140.0000 0.0000 0.6100 0.6191 0.6105 0.6104 0.5951 0.5829 0.6080)
(-135.0000 0.0000 0.6955 0.7039 0.6960 0.6959 0.6818 0.6705 0.6937)
(-130.0000 0.0000 0.7800 0.7877 0.7805 0.7804 0.7675 0.7573 0.7784)
(-125.0000 0.0000 0.8607 0.8675 0.8611 0.8610 0.8495 0.8404 0.8592)
(-120.0000 0.0000 0.9346 0.9406 0.9350 0.9349 0.9249 0.9169 0.9333)
(-115.0000 0.0000 0.9994 1.0044 0.9997 0.9996 0.9911 0.9844 0.9983)
(-110.0000 0.0000 1.0526 1.0566 1.0528 1.0528 1.0459 1.0405 1.0517)
(-105.0000 0.0000 1.0923 1.0954 1.0925 1.0924 1.0872 1.0831 1.0916)
(-100.0000 0.0000 1.1169 1.1190 1.1170 1.1170 1.1135 1.1108 1.1165)
(-95.0000 0.0000 1.1253 1.1264 1.1254 1.1254 1.1236 1.1223 1.1251)
(-90.0000 0.0000 1.1169 1.1169 1.1169 1.1169 1.1169 1.1169 1.1169)
(-85.0000 0.0000 1.1253 1.1264 1.1254 1.1254 1.1236 1.1223 1.1251)
(-80.0000 0.0000 1.1169 1.1190 1.1170 1.1170 1.1135 1.1108 1.1165)
(-75.0000 0.0000 1.0923 1.0954 1.0925 1.0924 1.0872 1.0831 1.0916)
(-70.0000 0.0000 1.0526 1.0566 1.0528 1.0528 1.0459 1.0405 1.0517)
(-65.0000 0.0000 0.9994 1.0044 0.9997 0.9996 0.9911 0.9844 0.9983)
(-60.0000 0.0000 0.9346 0.9406 0.9350 0.9349 0.9249 0.9169 0.9333)
(-55.0000 0.0000 0.8607 0.8675 0.8611 0.8610 0.8495 0.8404 0.8592)
(-50.0000 0.0000 0.7800 0.7877 0.7805 0.7804 0.7675 0.7573 0.7784)
(-45.0000 0.0000 0.6955 0.7039 0.6960 0.6959 0.6818 0.6705 0.6937)
(-40.0000 0.0000 0.6100 0.6191 0.6105 0.6104 0.5951 0.5829 0.6080)
(-35.0000 0.0000 0.5263 0.5360 0.5268 0.5267 0.5103 0.4972 0.5241)
(-30.0000 0.0000 0.4471 0.4574 0.4477 0.4475 0.4302 0.4164 0.4449)
(-25.0000 0.0000 0.3752 0.3859 0.3758 0.3756 0.3575 0.3431 0.3728)
(-20.0000 0.0000 0.3128 0.3240 0.3135 0.3133 0.2945 0.2795 0.3104)
(-19.2860 0.0000 0.3000 0.3105 0.3011 0.3006 0.2829 0.2692 0.2979)
(-18.5710 0.0000 0.2872 0.2970 0.2887 0.2880 0.2713 0.2588 0.2854)
(-17.8570 0.0000 0.2744 0.2835 0.2763 0.2753 0.2597 0.2484 0.2729)
(-17.1430 0.0000 0.2617 0.2700 0.2639 0.2626 0.2482 0.2380 0.2604)
(-16.4290 0.0000 0.2489 0.2565 0.2515 0.2500 0.2366 0.2276 0.2479)
(-15.7140 0.0000 0.2361 0.2430 0.2392 0.2373 0.2250 0.2172 0.2354)
(-15.0000 0.0000 0.2233 0.2295 0.2268 0.2246 0.2134 0.2068 0.2229)
(-14.2860 0.0000 0.2105 0.2160 0.2144 0.2120 0.2018 0.1965 0.2105)
(-13.5710 0.0000 0.1977 0.2025 0.2020 0.1993 0.1902 0.1861 0.1980)
(-12.8570 0.0000 0.1849 0.1890 0.1896 0.1866 0.1787 0.1757 0.1855)
(-12.1430 0.0000 0.1721 0.1755 0.1772 0.1740 0.1671 0.1653 0.1730)
(-11.4290 0.0000 0.1594 0.1620 0.1649 0.1613 0.1555 0.1549 0.1605)
(-10.0000 0.0000 0.1219 0.1232 0.1297 0.1279 0.1267 0.1288 0.1305)
(-9.0000 0.0000 0.1121 0.1173 0.1216 0.1210 0.1188 0.1194 0.1215)
(-8.0000 0.0000 0.1019 0.1110 0.1133 0.1137 0.1107 0.1096 0.1123)
(-7.0000 0.0000 0.0919 0.0989 0.1009 0.1020 0.0974 0.0966 0.0941)
(-6.0000 0.0000 0.0816 0.0859 0.0878 0.0900 0.0839 0.0833 0.0747)
(-5.0000 0.0000 0.0607 0.0687 0.0650 0.0623 0.0562 0.0546 0.0495)
(-4.0000 0.0000 0.0398 0.0476 0.0438 0.0345 0.0286 0.0260 0.0245)
(-3.0000 0.0000 0.0343 0.0429 0.0389 0.0290 0.0237 0.0213 0.0209)
(-2.0000 0.0000 0.0288 0.0381 0.0340 0.0236 0.0189 0.0168 0.0174)
(-1.0000 0.0000 0.0263 0.0390 0.0346 0.0217 0.0170 0.0157 0.0155)
(0.0000 0.0000 0.0240 0.0398 0.0352 0.0198 0.0151 0.0145 0.0136)
(1.0000 0.0000 0.0300 0.0411 0.0394 0.0179 0.0138 0.0129 0.0128)
(2.0000 0.0000 0.0388 0.0419 0.0381 0.0163 0.0142 0.0134 0.0134)
(3.0000 0.0000 0.0318 0.0388 0.0368 0.0184 0.0148 0.0142 0.0142)
(4.0000 0.0000 0.0310 0.0376 0.0351 0.0200 0.0158 0.0150 0.0152)
(5.0000 0.0000 0.0311 0.0364 0.0341 0.0223 0.0172 0.0163 0.0164)
(6.0000 0.0000 0.0314 0.0368 0.0328 0.0226 0.0189 0.0178 0.0179)
(7.0000 0.0000 0.0359 0.0390 0.0344 0.0235 0.0209 0.0197 0.0196)
(8.0000 0.0000 0.0425 0.0448 0.0395 0.0276 0.0234 0.0222 0.0224)
(9.0000 0.0000 0.0446 0.0477 0.0434 0.0319 0.0271 0.0253 0.0254)
(10.0000 0.0000 0.0467 0.0546 0.0509 0.0387 0.0301 0.0288 0.0286)
(11.0000 0.0000 0.0566 0.0706 0.0585 0.0527 0.0337 0.0317 0.0305)
(12.0000 0.0000 0.0907 0.1643 0.1531 0.1551 0.0381 0.0393 0.0512)
(13.0000 0.0000 0.1464 0.1681 0.1830 0.1701 0.0622 0.0990 0.1361)
(14.0000 0.0000 0.1648 0.2478 0.3007 0.1998 0.1131 0.1222 0.1631)
(15.0000 0.0000 0.2501 0.2589 0.2821 0.3090 0.1473 0.1511 0.1840)
(16.0000 0.0000 0.2545 0.2664 0.2902 0.3148 0.1832 0.1825 0.2595)
(17.0000 0.0000 0.2625 0.2801 0.2923 0.3070 0.2358 0.2324 0.2712)
(18.0000 0.0000 0.2708 0.2862 0.2921 0.2996 0.2826 0.2764 0.2821)
(19.0000 0.0000 0.2835 0.2958 0.2930 0.2965 0.2792 0.2684 0.2872)
(20.0000 0.0000 0.2932 0.3023 0.2920 0.2921 0.2747 0.2599 0.2901)
(25.0000 0.0000 0.3429 0.3517 0.3415 0.3413 0.3246 0.3103 0.3394)
(30.0000 0.0000 0.4021 0.4105 0.4006 0.4001 0.3842 0.3705 0.3984)
(35.0000 0.0000 0.4693 0.4774 0.4679 0.4672 0.4521 0.4391 0.4655)
(40.0000 0.0000 0.5429 0.5505 0.5415 0.5406 0.5264 0.5143 0.5390)
(45.0000 0.0000 0.6206 0.6277 0.6193 0.6183 0.6051 0.5939 0.6168)
(50.0000 0.0000 0.7002 0.7068 0.6990 0.6979 0.6859 0.6757 0.6965)
(55.0000 0.0000 0.7793 0.7853 0.7783 0.7772 0.7663 0.7572 0.7757)
(60.0000 0.0000 0.8556 0.8609 0.8547 0.8537 0.8440 0.8361 0.8522)
(65.0000 0.0000 0.9267 0.9312 0.9259 0.9250 0.9167 0.9100 0.9237)
(70.0000 0.0000 0.9903 0.9940 0.9898 0.9890 0.9821 0.9766 0.9877)
(75.0000 0.0000 1.0444 1.0472 1.0440 1.0434 1.0381 1.0339 1.0423)
(80.0000 0.0000 1.0865 1.0885 1.0863 1.0859 1.0823 1.0795 1.0852)
(85.0000 0.0000 1.1136 1.1146 1.1135 1.1134 1.1116 1.1102 1.1130)
(90.0000 0.0000 1.1169 1.1169 1.1169 1.1169 1.1169 1.1169 1.1169)
(95.0000 0.0000 1.1253 1.1264 1.1254 1.1254 1.1236 1.1223 1.1251)
(100.0000 0.0000 1.1169 1.1190 1.1170 1.1170 1.1135 1.1108 1.1165)
(105.0000 0.0000 1.0923 1.0954 1.0925 1.0924 1.0872 1.0831 1.0916)
(110.0000 0.0000 1.0526 1.0566 1.0528 1.0528 1.0459 1.0405 1.0517)
(115.0000 0.0000 0.9994 1.0044 0.9997 0.9996 0.9911 0.9844 0.9983)
(120.0000 0.0000 0.9346 0.9406 0.9350 0.9349 0.9249 0.9169 0.9333)
(125.0000 0.0000 0.8607 0.8675 0.8611 0.8610 0.8495 0.8404 0.8592)
(130.0000 0.0000 0.7800 0.7877 0.7805 0.7804 0.7675 0.7573 0.7784)
(135.0000 0.0000 0.6955 0.7039 0.6960 0.6959 0.6818 0.6705 0.6937)
(140.0000 0.0000 0.6100 0.6191 0.6105 0.6104 0.5951 0.5829 0.6080)
(145.0000 0.0000 0.5263 0.5360 0.5268 0.5267 0.5103 0.4972 0.5241)
(150.0000 0.0000 0.4471 0.4574 0.4477 0.4475 0.4302 0.4164 0.4449)
(155.0000 0.0000 0.3752 0.3859 0.3758 0.3756 0.3575 0.3431 0.3728)
(160.0000 0.0000 0.3128 0.3240 0.3135 0.3133 0.2945 0.2795 0.3104)
(161.4290 0.0000 0.2971 0.3083 0.2977 0.2975 0.2786 0.2635 0.2946)
(162.8570 0.0000 0.2823 0.2936 0.2829 0.2828 0.2637 0.2484 0.2798)
(164.2860 0.0000 0.2685 0.2800 0.2692 0.2690 0.2498 0.2345 0.2660)
(165.7140 0.0000 0.2559 0.2674 0.2565 0.2563 0.2370 0.2216 0.2533)
(167.1430 0.0000 0.2443 0.2559 0.2450 0.2448 0.2253 0.2098 0.2417)
(168.5710 0.0000 0.2339 0.2455 0.2345 0.2343 0.2148 0.1992 0.2313)
(170.0000 0.0000 0.2246 0.2363 0.2252 0.2251 0.2054 0.1897 0.2220)
(171.4290 0.0000 0.2165 0.2282 0.2172 0.2170 0.1972 0.1815 0.2139)
(172.8570 0.0000 0.2096 0.2214 0.2103 0.2101 0.1903 0.1745 0.2070)
(174.2860 0.0000 0.2040 0.2158 0.2046 0.2045 0.1846 0.1687 0.2014)
(175.7140 0.0000 0.1995 0.2114 0.2002 0.2000 0.1801 0.1642 0.1969)
(177.1430 0.0000 0.1964 0.2082 0.1971 0.1969 0.1769 0.1610 0.1938)
(178.5710 0.0000 0.1945 0.2064 0.1952 0.1950 0.1750 0.1591 0.1919)
(180.0000 0.0000 0.1938 0.2057 0.1945 0.1943 0.1744 0.1584 0.1912)
