// Drag coefficient polar, from OC6 Phase III
// alpha[deg] 
// Re = 0.0E+0 5.0E+04 6.0E+04 7.5E+04 1.0E+05 1.5E+05 1.7E+05 2.0E+05 
(-180.0000 0.0000 1.2000 1.2000 1.2000 1.2000 1.1892 1.1815 1.1700)
(-178.5710 0.0000 1.2000 1.2000 1.2000 1.2000 1.1892 1.1815 1.1700)
(-177.1430 0.0000 1.2000 1.2000 1.2000 1.2000 1.1892 1.1815 1.1700)
(-175.7140 0.0000 1.2000 1.2000 1.2000 1.2000 1.1892 1.1815 1.1700)
(-174.2860 0.0000 1.2000 1.2000 1.2000 1.2000 1.1892 1.1815 1.1700)
(-172.8570 0.0000 1.2000 1.2000 1.2000 1.2000 1.1892 1.1815 1.1700)
(-171.4290 0.0000 1.2000 1.2000 1.2000 1.2000 1.1892 1.1815 1.1700)
(-170.0000 0.0000 1.2000 1.2000 1.2000 1.2000 1.1892 1.1815 1.1700)
(-168.5710 0.0000 1.2000 1.2000 1.2000 1.2000 1.1892 1.1815 1.1700)
(-167.1430 0.0000 1.2000 1.2000 1.2000 1.2000 1.1892 1.1815 1.1700)
(-165.7140 0.0000 1.2000 1.2000 1.2000 1.2000 1.1892 1.1815 1.1700)
(-164.2860 0.0000 1.2000 1.2000 1.2000 1.2000 1.1892 1.1815 1.1700)
(-162.8570 0.0000 1.2000 1.2000 1.2000 1.2000 1.1892 1.1815 1.1700)
(-161.4290 0.0000 1.2000 1.2000 1.2000 1.2000 1.1892 1.1815 1.1700)
(-160.0000 0.0000 1.2000 1.2000 1.2000 1.2000 1.1892 1.1815 1.1700)
(-155.0000 0.0000 1.2000 1.2000 1.2000 1.2000 1.1892 1.1815 1.1700)
(-150.0000 0.0000 1.2000 1.2000 1.2000 1.2000 1.1892 1.1815 1.1700)
(-145.0000 0.0000 1.2000 1.2000 1.2000 1.2000 1.1892 1.1815 1.1700)
(-140.0000 0.0000 1.2000 1.2000 1.2000 1.2000 1.1892 1.1815 1.1700)
(-135.0000 0.0000 1.2000 1.2000 1.2000 1.2000 1.1892 1.1815 1.1700)
(-130.0000 0.0000 1.2000 1.2000 1.2000 1.2000 1.1892 1.1815 1.1700)
(-125.0000 0.0000 1.2000 1.2000 1.2000 1.2000 1.1892 1.1815 1.1700)
(-120.0000 0.0000 1.2000 1.2000 1.2000 1.2000 1.1892 1.1815 1.1700)
(-115.0000 0.0000 1.2000 1.2000 1.2000 1.2000 1.1892 1.1815 1.1700)
(-110.0000 0.0000 1.2000 1.2000 1.2000 1.2000 1.1892 1.1815 1.1700)
(-105.0000 0.0000 1.2000 1.2000 1.2000 1.2000 1.1892 1.1815 1.1700)
(-100.0000 0.0000 1.2000 1.2000 1.2000 1.2000 1.1892 1.1815 1.1700)
(-95.0000 0.0000 1.2000 1.2000 1.2000 1.2000 1.1892 1.1815 1.1700)
(-90.0000 0.0000 1.2000 1.2000 1.2000 1.2000 1.1892 1.1815 1.1700)
(-85.0000 0.0000 1.2000 1.2000 1.2000 1.2000 1.1892 1.1815 1.1700)
(-80.0000 0.0000 1.2000 1.2000 1.2000 1.2000 1.1892 1.1815 1.1700)
(-75.0000 0.0000 1.2000 1.2000 1.2000 1.2000 1.1892 1.1815 1.1700)
(-70.0000 0.0000 1.2000 1.2000 1.2000 1.2000 1.1892 1.1815 1.1700)
(-65.0000 0.0000 1.2000 1.2000 1.2000 1.2000 1.1892 1.1815 1.1700)
(-60.0000 0.0000 1.2000 1.2000 1.2000 1.2000 1.1892 1.1815 1.1700)
(-55.0000 0.0000 1.2000 1.2000 1.2000 1.2000 1.1892 1.1815 1.1700)
(-50.0000 0.0000 1.2000 1.2000 1.2000 1.2000 1.1892 1.1815 1.1700)
(-45.0000 0.0000 1.2000 1.2000 1.2000 1.2000 1.1892 1.1815 1.1700)
(-40.0000 0.0000 1.2000 1.2000 1.2000 1.2000 1.1892 1.1815 1.1700)
(-35.0000 0.0000 1.2000 1.2000 1.2000 1.2000 1.1892 1.1815 1.1700)
(-30.0000 0.0000 1.2000 1.2000 1.2000 1.2000 1.1892 1.1815 1.1700)
(-25.0000 0.0000 1.2000 1.2000 1.2000 1.2000 1.1892 1.1815 1.1700)
(-20.0000 0.0000 1.2000 1.2000 1.2000 1.2000 1.1892 1.1815 1.1700)
(-19.2860 0.0000 1.2000 1.2000 1.2000 1.2000 1.1892 1.1815 1.1700)
(-18.5710 0.0000 1.2000 1.2000 1.2000 1.2000 1.1892 1.1815 1.1700)
(-17.8570 0.0000 1.2000 1.2000 1.2000 1.2000 1.1892 1.1815 1.1700)
(-17.1430 0.0000 1.2000 1.2000 1.2000 1.2000 1.1892 1.1815 1.1700)
(-16.4290 0.0000 1.2000 1.2000 1.2000 1.2000 1.1892 1.1815 1.1700)
(-15.7140 0.0000 1.2000 1.2000 1.2000 1.2000 1.1892 1.1815 1.1700)
(-15.0000 0.0000 1.2000 1.2000 1.2000 1.2000 1.1892 1.1815 1.1700)
(-14.2860 0.0000 1.2000 1.2000 1.2000 1.2000 1.1892 1.1815 1.1700)
(-13.5710 0.0000 1.2000 1.2000 1.2000 1.2000 1.1892 1.1815 1.1700)
(-12.8570 0.0000 1.2000 1.2000 1.2000 1.2000 1.1892 1.1815 1.1700)
(-12.1430 0.0000 1.2000 1.2000 1.2000 1.2000 1.1892 1.1815 1.1700)
(-11.4290 0.0000 1.2000 1.2000 1.2000 1.2000 1.1892 1.1815 1.1700)
(-10.0000 0.0000 1.2000 1.2000 1.2000 1.2000 1.1892 1.1815 1.1700)
(-9.0000 0.0000 1.2000 1.2000 1.2000 1.2000 1.1892 1.1815 1.1700)
(-8.0000 0.0000 1.2000 1.2000 1.2000 1.2000 1.1892 1.1815 1.1700)
(-7.0000 0.0000 1.2000 1.2000 1.2000 1.2000 1.1892 1.1815 1.1700)
(-6.0000 0.0000 1.2000 1.2000 1.2000 1.2000 1.1892 1.1815 1.1700)
(-5.0000 0.0000 1.2000 1.2000 1.2000 1.2000 1.1892 1.1815 1.1700)
(-4.0000 0.0000 1.2000 1.2000 1.2000 1.2000 1.1892 1.1815 1.1700)
(-3.0000 0.0000 1.2000 1.2000 1.2000 1.2000 1.1892 1.1815 1.1700)
(-2.0000 0.0000 1.2000 1.2000 1.2000 1.2000 1.1892 1.1815 1.1700)
(-1.0000 0.0000 1.2000 1.2000 1.2000 1.2000 1.1892 1.1815 1.1700)
(0.0000 0.0000 1.2000 1.2000 1.2000 1.2000 1.1892 1.1815 1.1700)
(1.0000 0.0000 1.2000 1.2000 1.2000 1.2000 1.1892 1.1815 1.1700)
(2.0000 0.0000 1.2000 1.2000 1.2000 1.2000 1.1892 1.1815 1.1700)
(3.0000 0.0000 1.2000 1.2000 1.2000 1.2000 1.1892 1.1815 1.1700)
(4.0000 0.0000 1.2000 1.2000 1.2000 1.2000 1.1892 1.1815 1.1700)
(5.0000 0.0000 1.2000 1.2000 1.2000 1.2000 1.1892 1.1815 1.1700)
(6.0000 0.0000 1.2000 1.2000 1.2000 1.2000 1.1892 1.1815 1.1700)
(7.0000 0.0000 1.2000 1.2000 1.2000 1.2000 1.1892 1.1815 1.1700)
(8.0000 0.0000 1.2000 1.2000 1.2000 1.2000 1.1892 1.1815 1.1700)
(9.0000 0.0000 1.2000 1.2000 1.2000 1.2000 1.1892 1.1815 1.1700)
(10.0000 0.0000 1.2000 1.2000 1.2000 1.2000 1.1892 1.1815 1.1700)
(11.0000 0.0000 1.2000 1.2000 1.2000 1.2000 1.1892 1.1815 1.1700)
(12.0000 0.0000 1.2000 1.2000 1.2000 1.2000 1.1892 1.1815 1.1700)
(13.0000 0.0000 1.2000 1.2000 1.2000 1.2000 1.1892 1.1815 1.1700)
(14.0000 0.0000 1.2000 1.2000 1.2000 1.2000 1.1892 1.1815 1.1700)
(15.0000 0.0000 1.2000 1.2000 1.2000 1.2000 1.1892 1.1815 1.1700)
(16.0000 0.0000 1.2000 1.2000 1.2000 1.2000 1.1892 1.1815 1.1700)
(17.0000 0.0000 1.2000 1.2000 1.2000 1.2000 1.1892 1.1815 1.1700)
(18.0000 0.0000 1.2000 1.2000 1.2000 1.2000 1.1892 1.1815 1.1700)
(19.0000 0.0000 1.2000 1.2000 1.2000 1.2000 1.1892 1.1815 1.1700)
(20.0000 0.0000 1.2000 1.2000 1.2000 1.2000 1.1892 1.1815 1.1700)
(25.0000 0.0000 1.2000 1.2000 1.2000 1.2000 1.1892 1.1815 1.1700)
(30.0000 0.0000 1.2000 1.2000 1.2000 1.2000 1.1892 1.1815 1.1700)
(35.0000 0.0000 1.2000 1.2000 1.2000 1.2000 1.1892 1.1815 1.1700)
(40.0000 0.0000 1.2000 1.2000 1.2000 1.2000 1.1892 1.1815 1.1700)
(45.0000 0.0000 1.2000 1.2000 1.2000 1.2000 1.1892 1.1815 1.1700)
(50.0000 0.0000 1.2000 1.2000 1.2000 1.2000 1.1892 1.1815 1.1700)
(55.0000 0.0000 1.2000 1.2000 1.2000 1.2000 1.1892 1.1815 1.1700)
(60.0000 0.0000 1.2000 1.2000 1.2000 1.2000 1.1892 1.1815 1.1700)
(65.0000 0.0000 1.2000 1.2000 1.2000 1.2000 1.1892 1.1815 1.1700)
(70.0000 0.0000 1.2000 1.2000 1.2000 1.2000 1.1892 1.1815 1.1700)
(75.0000 0.0000 1.2000 1.2000 1.2000 1.2000 1.1892 1.1815 1.1700)
(80.0000 0.0000 1.2000 1.2000 1.2000 1.2000 1.1892 1.1815 1.1700)
(85.0000 0.0000 1.2000 1.2000 1.2000 1.2000 1.1892 1.1815 1.1700)
(90.0000 0.0000 1.2000 1.2000 1.2000 1.2000 1.1892 1.1815 1.1700)
(95.0000 0.0000 1.2000 1.2000 1.2000 1.2000 1.1892 1.1815 1.1700)
(100.0000 0.0000 1.2000 1.2000 1.2000 1.2000 1.1892 1.1815 1.1700)
(105.0000 0.0000 1.2000 1.2000 1.2000 1.2000 1.1892 1.1815 1.1700)
(110.0000 0.0000 1.2000 1.2000 1.2000 1.2000 1.1892 1.1815 1.1700)
(115.0000 0.0000 1.2000 1.2000 1.2000 1.2000 1.1892 1.1815 1.1700)
(120.0000 0.0000 1.2000 1.2000 1.2000 1.2000 1.1892 1.1815 1.1700)
(125.0000 0.0000 1.2000 1.2000 1.2000 1.2000 1.1892 1.1815 1.1700)
(130.0000 0.0000 1.2000 1.2000 1.2000 1.2000 1.1892 1.1815 1.1700)
(135.0000 0.0000 1.2000 1.2000 1.2000 1.2000 1.1892 1.1815 1.1700)
(140.0000 0.0000 1.2000 1.2000 1.2000 1.2000 1.1892 1.1815 1.1700)
(145.0000 0.0000 1.2000 1.2000 1.2000 1.2000 1.1892 1.1815 1.1700)
(150.0000 0.0000 1.2000 1.2000 1.2000 1.2000 1.1892 1.1815 1.1700)
(155.0000 0.0000 1.2000 1.2000 1.2000 1.2000 1.1892 1.1815 1.1700)
(160.0000 0.0000 1.2000 1.2000 1.2000 1.2000 1.1892 1.1815 1.1700)
(161.4290 0.0000 1.2000 1.2000 1.2000 1.2000 1.1892 1.1815 1.1700)
(162.8570 0.0000 1.2000 1.2000 1.2000 1.2000 1.1892 1.1815 1.1700)
(164.2860 0.0000 1.2000 1.2000 1.2000 1.2000 1.1892 1.1815 1.1700)
(165.7140 0.0000 1.2000 1.2000 1.2000 1.2000 1.1892 1.1815 1.1700)
(167.1430 0.0000 1.2000 1.2000 1.2000 1.2000 1.1892 1.1815 1.1700)
(168.5710 0.0000 1.2000 1.2000 1.2000 1.2000 1.1892 1.1815 1.1700)
(170.0000 0.0000 1.2000 1.2000 1.2000 1.2000 1.1892 1.1815 1.1700)
(171.4290 0.0000 1.2000 1.2000 1.2000 1.2000 1.1892 1.1815 1.1700)
(172.8570 0.0000 1.2000 1.2000 1.2000 1.2000 1.1892 1.1815 1.1700)
(174.2860 0.0000 1.2000 1.2000 1.2000 1.2000 1.1892 1.1815 1.1700)
(175.7140 0.0000 1.2000 1.2000 1.2000 1.2000 1.1892 1.1815 1.1700)
(177.1430 0.0000 1.2000 1.2000 1.2000 1.2000 1.1892 1.1815 1.1700)
(178.5710 0.0000 1.2000 1.2000 1.2000 1.2000 1.1892 1.1815 1.1700)
(180.0000 0.0000 1.2000 1.2000 1.2000 1.2000 1.1892 1.1815 1.1700)
