// Drag coefficient polar, from OC6 Phase III
// alpha[deg] 
// Re = 0.0E+0 5.0E+04 6.0E+04 7.5E+04 1.0E+05 1.5E+05 1.7E+05 2.0E+05 
(-180.0000 0.0000 0.1938 0.2057 0.1945 0.1943 0.1744 0.1584 0.1912)
(-178.5710 0.0000 0.1945 0.2064 0.1952 0.1950 0.1750 0.1591 0.1919)
(-177.1430 0.0000 0.1964 0.2082 0.1971 0.1969 0.1769 0.1610 0.1938)
(-175.7140 0.0000 0.1995 0.2114 0.2002 0.2000 0.1801 0.1642 0.1969)
(-174.2860 0.0000 0.2040 0.2158 0.2046 0.2045 0.1846 0.1687 0.2014)
(-172.8570 0.0000 0.2096 0.2214 0.2103 0.2101 0.1903 0.1745 0.2070)
(-171.4290 0.0000 0.2165 0.2282 0.2172 0.2170 0.1972 0.1815 0.2139)
(-170.0000 0.0000 0.2246 0.2363 0.2252 0.2251 0.2054 0.1897 0.2220)
(-168.5710 0.0000 0.2339 0.2455 0.2345 0.2343 0.2148 0.1992 0.2313)
(-167.1430 0.0000 0.2443 0.2559 0.2450 0.2448 0.2253 0.2098 0.2417)
(-165.7140 0.0000 0.2559 0.2674 0.2565 0.2563 0.2370 0.2216 0.2533)
(-164.2860 0.0000 0.2685 0.2800 0.2692 0.2690 0.2498 0.2345 0.2660)
(-162.8570 0.0000 0.2823 0.2936 0.2829 0.2828 0.2637 0.2484 0.2798)
(-161.4290 0.0000 0.2971 0.3083 0.2977 0.2975 0.2786 0.2635 0.2946)
(-160.0000 0.0000 0.3128 0.3240 0.3135 0.3133 0.2945 0.2795 0.3104)
(-155.0000 0.0000 0.3752 0.3859 0.3758 0.3756 0.3575 0.3431 0.3728)
(-150.0000 0.0000 0.4471 0.4574 0.4477 0.4475 0.4302 0.4164 0.4449)
(-145.0000 0.0000 0.5263 0.5360 0.5268 0.5267 0.5103 0.4972 0.5241)
(-140.0000 0.0000 0.6100 0.6191 0.6105 0.6104 0.5951 0.5829 0.6080)
(-135.0000 0.0000 0.6955 0.7039 0.6960 0.6959 0.6818 0.6705 0.6937)
(-130.0000 0.0000 0.7800 0.7877 0.7805 0.7804 0.7675 0.7573 0.7784)
(-125.0000 0.0000 0.8607 0.8675 0.8611 0.8610 0.8495 0.8404 0.8592)
(-120.0000 0.0000 0.9346 0.9406 0.9350 0.9349 0.9249 0.9169 0.9333)
(-115.0000 0.0000 0.9994 1.0044 0.9997 0.9996 0.9911 0.9844 0.9983)
(-110.0000 0.0000 1.0526 1.0566 1.0528 1.0528 1.0459 1.0405 1.0517)
(-105.0000 0.0000 1.0923 1.0954 1.0925 1.0924 1.0872 1.0831 1.0916)
(-100.0000 0.0000 1.1169 1.1190 1.1170 1.1170 1.1135 1.1108 1.1165)
(-95.0000 0.0000 1.1253 1.1264 1.1254 1.1254 1.1236 1.1223 1.1251)
(-90.0000 0.0000 1.1169 1.1169 1.1169 1.1169 1.1169 1.1169 1.1169)
(-85.0000 0.0000 1.1253 1.1264 1.1254 1.1254 1.1236 1.1223 1.1251)
(-80.0000 0.0000 1.1169 1.1190 1.1170 1.1170 1.1135 1.1108 1.1165)
(-75.0000 0.0000 1.0923 1.0954 1.0925 1.0924 1.0872 1.0831 1.0916)
(-70.0000 0.0000 1.0526 1.0566 1.0528 1.0528 1.0459 1.0405 1.0517)
(-65.0000 0.0000 0.9994 1.0044 0.9997 0.9996 0.9911 0.9844 0.9983)
(-60.0000 0.0000 0.9346 0.9406 0.9350 0.9349 0.9249 0.9169 0.9333)
(-55.0000 0.0000 0.8607 0.8675 0.8611 0.8610 0.8495 0.8404 0.8592)
(-50.0000 0.0000 0.7800 0.7877 0.7805 0.7804 0.7675 0.7573 0.7784)
(-45.0000 0.0000 0.6955 0.7039 0.6960 0.6959 0.6818 0.6705 0.6937)
(-40.0000 0.0000 0.6100 0.6191 0.6105 0.6104 0.5951 0.5829 0.6080)
(-35.0000 0.0000 0.5263 0.5360 0.5268 0.5267 0.5103 0.4972 0.5241)
(-30.0000 0.0000 0.4471 0.4574 0.4477 0.4475 0.4302 0.4164 0.4449)
(-25.0000 0.0000 0.3752 0.3859 0.3758 0.3756 0.3575 0.3431 0.3728)
(-20.0000 0.0000 0.3128 0.3240 0.3135 0.3133 0.2945 0.2795 0.3104)
(-19.2860 0.0000 0.3000 0.3105 0.3011 0.3006 0.2829 0.2692 0.2979)
(-18.5710 0.0000 0.2872 0.2970 0.2887 0.2880 0.2713 0.2588 0.2854)
(-17.8570 0.0000 0.2744 0.2835 0.2763 0.2753 0.2597 0.2484 0.2729)
(-17.1430 0.0000 0.2617 0.2700 0.2639 0.2626 0.2482 0.2380 0.2604)
(-16.4290 0.0000 0.2489 0.2565 0.2515 0.2500 0.2366 0.2276 0.2479)
(-15.7140 0.0000 0.2361 0.2430 0.2392 0.2373 0.2250 0.2172 0.2354)
(-15.0000 0.0000 0.2233 0.2295 0.2268 0.2246 0.2134 0.2068 0.2229)
(-14.2860 0.0000 0.2105 0.2160 0.2144 0.2120 0.2018 0.1965 0.2105)
(-13.5710 0.0000 0.1977 0.2025 0.2020 0.1993 0.1902 0.1861 0.1980)
(-12.8570 0.0000 0.1849 0.1890 0.1896 0.1866 0.1787 0.1757 0.1855)
(-12.1430 0.0000 0.1721 0.1755 0.1772 0.1740 0.1671 0.1653 0.1730)
(-11.4290 0.0000 0.1594 0.1620 0.1649 0.1613 0.1555 0.1549 0.1605)
(-10.0000 0.0000 0.1166 0.1179 0.1250 0.1243 0.1241 0.1264 0.1282)
(-9.0000 0.0000 0.1081 0.1133 0.1183 0.1187 0.1177 0.1184 0.1206)
(-8.0000 0.0000 0.0992 0.1083 0.1111 0.1126 0.1107 0.1098 0.1127)
(-7.0000 0.0000 0.0901 0.0972 0.0997 0.1018 0.0983 0.0975 0.0950)
(-6.0000 0.0000 0.0807 0.0852 0.0875 0.0907 0.0854 0.0848 0.0760)
(-5.0000 0.0000 0.0600 0.0682 0.0649 0.0628 0.0572 0.0555 0.0503)
(-4.0000 0.0000 0.0392 0.0472 0.0437 0.0350 0.0292 0.0265 0.0248)
(-3.0000 0.0000 0.0339 0.0426 0.0388 0.0294 0.0239 0.0215 0.0210)
(-2.0000 0.0000 0.0285 0.0380 0.0339 0.0239 0.0189 0.0167 0.0174)
(-1.0000 0.0000 0.0262 0.0389 0.0346 0.0218 0.0170 0.0156 0.0155)
(0.0000 0.0000 0.0240 0.0398 0.0352 0.0198 0.0151 0.0145 0.0136)
(1.0000 0.0000 0.0300 0.0411 0.0393 0.0179 0.0138 0.0128 0.0128)
(2.0000 0.0000 0.0389 0.0418 0.0380 0.0164 0.0142 0.0134 0.0134)
(3.0000 0.0000 0.0317 0.0387 0.0368 0.0185 0.0148 0.0142 0.0142)
(4.0000 0.0000 0.0309 0.0376 0.0351 0.0201 0.0158 0.0150 0.0152)
(5.0000 0.0000 0.0310 0.0364 0.0342 0.0223 0.0172 0.0163 0.0164)
(6.0000 0.0000 0.0314 0.0368 0.0328 0.0227 0.0189 0.0178 0.0179)
(7.0000 0.0000 0.0359 0.0390 0.0343 0.0235 0.0209 0.0197 0.0196)
(8.0000 0.0000 0.0425 0.0448 0.0394 0.0275 0.0234 0.0221 0.0224)
(9.0000 0.0000 0.0445 0.0475 0.0432 0.0317 0.0270 0.0252 0.0254)
(10.0000 0.0000 0.0464 0.0543 0.0505 0.0383 0.0300 0.0287 0.0284)
(11.0000 0.0000 0.0560 0.0700 0.0578 0.0519 0.0333 0.0313 0.0301)
(12.0000 0.0000 0.0895 0.1629 0.1515 0.1535 0.0373 0.0385 0.0503)
(13.0000 0.0000 0.1444 0.1660 0.1808 0.1678 0.0606 0.0972 0.1342)
(14.0000 0.0000 0.1620 0.2441 0.2973 0.1966 0.1104 0.1196 0.1602)
(15.0000 0.0000 0.2463 0.2543 0.2777 0.3048 0.1437 0.1476 0.1802)
(16.0000 0.0000 0.2498 0.2609 0.2848 0.3097 0.1787 0.1780 0.2548)
(17.0000 0.0000 0.2569 0.2735 0.2859 0.3008 0.2303 0.2269 0.2654)
(18.0000 0.0000 0.2642 0.2787 0.2847 0.2923 0.2760 0.2698 0.2753)
(19.0000 0.0000 0.2758 0.2872 0.2845 0.2882 0.2715 0.2607 0.2792)
(20.0000 0.0000 0.2845 0.2926 0.2824 0.2825 0.2659 0.2510 0.2809)
(25.0000 0.0000 0.3284 0.3363 0.3261 0.3259 0.3098 0.2955 0.3244)
(30.0000 0.0000 0.3819 0.3894 0.3795 0.3788 0.3635 0.3499 0.3775)
(35.0000 0.0000 0.4438 0.4511 0.4414 0.4404 0.4259 0.4130 0.4392)
(40.0000 0.0000 0.5127 0.5197 0.5104 0.5092 0.4956 0.4835 0.5080)
(45.0000 0.0000 0.5869 0.5935 0.5848 0.5834 0.5707 0.5595 0.5822)
(50.0000 0.0000 0.6643 0.6704 0.6624 0.6609 0.6492 0.6390 0.6596)
(55.0000 0.0000 0.7428 0.7484 0.7411 0.7396 0.7289 0.7198 0.7383)
(60.0000 0.0000 0.8201 0.8251 0.8186 0.8172 0.8077 0.7997 0.8158)
(65.0000 0.0000 0.8940 0.8983 0.8928 0.8915 0.8832 0.8765 0.8901)
(70.0000 0.0000 0.9624 0.9659 0.9614 0.9603 0.9534 0.9480 0.9590)
(75.0000 0.0000 1.0229 1.0256 1.0222 1.0214 1.0160 1.0118 1.0202)
(80.0000 0.0000 1.0729 1.0747 1.0725 1.0720 1.0683 1.0655 1.0711)
(85.0000 0.0000 1.1083 1.1093 1.1082 1.1080 1.1061 1.1047 1.1076)
(90.0000 0.0000 1.1169 1.1169 1.1169 1.1169 1.1169 1.1169 1.1169)
(95.0000 0.0000 1.1253 1.1264 1.1254 1.1254 1.1236 1.1223 1.1251)
(100.0000 0.0000 1.1169 1.1190 1.1170 1.1170 1.1135 1.1108 1.1165)
(105.0000 0.0000 1.0923 1.0954 1.0925 1.0924 1.0872 1.0831 1.0916)
(110.0000 0.0000 1.0526 1.0566 1.0528 1.0528 1.0459 1.0405 1.0517)
(115.0000 0.0000 0.9994 1.0044 0.9997 0.9996 0.9911 0.9844 0.9983)
(120.0000 0.0000 0.9346 0.9406 0.9350 0.9349 0.9249 0.9169 0.9333)
(125.0000 0.0000 0.8607 0.8675 0.8611 0.8610 0.8495 0.8404 0.8592)
(130.0000 0.0000 0.7800 0.7877 0.7805 0.7804 0.7675 0.7573 0.7784)
(135.0000 0.0000 0.6955 0.7039 0.6960 0.6959 0.6818 0.6705 0.6937)
(140.0000 0.0000 0.6100 0.6191 0.6105 0.6104 0.5951 0.5829 0.6080)
(145.0000 0.0000 0.5263 0.5360 0.5268 0.5267 0.5103 0.4972 0.5241)
(150.0000 0.0000 0.4471 0.4574 0.4477 0.4475 0.4302 0.4164 0.4449)
(155.0000 0.0000 0.3752 0.3859 0.3758 0.3756 0.3575 0.3431 0.3728)
(160.0000 0.0000 0.3128 0.3240 0.3135 0.3133 0.2945 0.2795 0.3104)
(161.4290 0.0000 0.2971 0.3083 0.2977 0.2975 0.2786 0.2635 0.2946)
(162.8570 0.0000 0.2823 0.2936 0.2829 0.2828 0.2637 0.2484 0.2798)
(164.2860 0.0000 0.2685 0.2800 0.2692 0.2690 0.2498 0.2345 0.2660)
(165.7140 0.0000 0.2559 0.2674 0.2565 0.2563 0.2370 0.2216 0.2533)
(167.1430 0.0000 0.2443 0.2559 0.2450 0.2448 0.2253 0.2098 0.2417)
(168.5710 0.0000 0.2339 0.2455 0.2345 0.2343 0.2148 0.1992 0.2313)
(170.0000 0.0000 0.2246 0.2363 0.2252 0.2251 0.2054 0.1897 0.2220)
(171.4290 0.0000 0.2165 0.2282 0.2172 0.2170 0.1972 0.1815 0.2139)
(172.8570 0.0000 0.2096 0.2214 0.2103 0.2101 0.1903 0.1745 0.2070)
(174.2860 0.0000 0.2040 0.2158 0.2046 0.2045 0.1846 0.1687 0.2014)
(175.7140 0.0000 0.1995 0.2114 0.2002 0.2000 0.1801 0.1642 0.1969)
(177.1430 0.0000 0.1964 0.2082 0.1971 0.1969 0.1769 0.1610 0.1938)
(178.5710 0.0000 0.1945 0.2064 0.1952 0.1950 0.1750 0.1591 0.1919)
(180.0000 0.0000 0.1938 0.2057 0.1945 0.1943 0.1744 0.1584 0.1912)
