// Drag coefficient polar, from OC6 Phase III
// alpha[deg] 
// Re = 0.0E+0 5.0E+04 6.0E+04 7.5E+04 1.0E+05 1.5E+05 1.7E+05 2.0E+05 
(-180.0000 0.0000 0.1938 0.2057 0.1945 0.1943 0.1744 0.1584 0.1912)
(-178.5710 0.0000 0.1945 0.2064 0.1952 0.1950 0.1750 0.1591 0.1919)
(-177.1430 0.0000 0.1964 0.2082 0.1971 0.1969 0.1769 0.1610 0.1938)
(-175.7140 0.0000 0.1995 0.2114 0.2002 0.2000 0.1801 0.1642 0.1969)
(-174.2860 0.0000 0.2040 0.2158 0.2046 0.2045 0.1846 0.1687 0.2014)
(-172.8570 0.0000 0.2096 0.2214 0.2103 0.2101 0.1903 0.1745 0.2070)
(-171.4290 0.0000 0.2165 0.2282 0.2172 0.2170 0.1972 0.1815 0.2139)
(-170.0000 0.0000 0.2246 0.2363 0.2252 0.2251 0.2054 0.1897 0.2220)
(-168.5710 0.0000 0.2339 0.2455 0.2345 0.2343 0.2148 0.1992 0.2313)
(-167.1430 0.0000 0.2443 0.2559 0.2450 0.2448 0.2253 0.2098 0.2417)
(-165.7140 0.0000 0.2559 0.2674 0.2565 0.2563 0.2370 0.2216 0.2533)
(-164.2860 0.0000 0.2685 0.2800 0.2692 0.2690 0.2498 0.2345 0.2660)
(-162.8570 0.0000 0.2823 0.2936 0.2829 0.2828 0.2637 0.2484 0.2798)
(-161.4290 0.0000 0.2971 0.3083 0.2977 0.2975 0.2786 0.2635 0.2946)
(-160.0000 0.0000 0.3128 0.3240 0.3135 0.3133 0.2945 0.2795 0.3104)
(-155.0000 0.0000 0.3752 0.3859 0.3758 0.3756 0.3575 0.3431 0.3728)
(-150.0000 0.0000 0.4471 0.4574 0.4477 0.4475 0.4302 0.4164 0.4449)
(-145.0000 0.0000 0.5263 0.5360 0.5268 0.5267 0.5103 0.4972 0.5241)
(-140.0000 0.0000 0.6100 0.6191 0.6105 0.6104 0.5951 0.5829 0.6080)
(-135.0000 0.0000 0.6955 0.7039 0.6960 0.6959 0.6818 0.6705 0.6937)
(-130.0000 0.0000 0.7800 0.7877 0.7805 0.7804 0.7675 0.7573 0.7784)
(-125.0000 0.0000 0.8607 0.8675 0.8611 0.8610 0.8495 0.8404 0.8592)
(-120.0000 0.0000 0.9346 0.9406 0.9350 0.9349 0.9249 0.9169 0.9333)
(-115.0000 0.0000 0.9994 1.0044 0.9997 0.9996 0.9911 0.9844 0.9983)
(-110.0000 0.0000 1.0526 1.0566 1.0528 1.0528 1.0459 1.0405 1.0517)
(-105.0000 0.0000 1.0923 1.0954 1.0925 1.0924 1.0872 1.0831 1.0916)
(-100.0000 0.0000 1.1169 1.1190 1.1170 1.1170 1.1135 1.1108 1.1165)
(-95.0000 0.0000 1.1253 1.1264 1.1254 1.1254 1.1236 1.1223 1.1251)
(-90.0000 0.0000 1.1169 1.1169 1.1169 1.1169 1.1169 1.1169 1.1169)
(-85.0000 0.0000 1.1253 1.1264 1.1254 1.1254 1.1236 1.1223 1.1251)
(-80.0000 0.0000 1.1169 1.1190 1.1170 1.1170 1.1135 1.1108 1.1165)
(-75.0000 0.0000 1.0923 1.0954 1.0925 1.0924 1.0872 1.0831 1.0916)
(-70.0000 0.0000 1.0526 1.0566 1.0528 1.0528 1.0459 1.0405 1.0517)
(-65.0000 0.0000 0.9994 1.0044 0.9997 0.9996 0.9911 0.9844 0.9983)
(-60.0000 0.0000 0.9346 0.9406 0.9350 0.9349 0.9249 0.9169 0.9333)
(-55.0000 0.0000 0.8607 0.8675 0.8611 0.8610 0.8495 0.8404 0.8592)
(-50.0000 0.0000 0.7800 0.7877 0.7805 0.7804 0.7675 0.7573 0.7784)
(-45.0000 0.0000 0.6955 0.7039 0.6960 0.6959 0.6818 0.6705 0.6937)
(-40.0000 0.0000 0.6100 0.6191 0.6105 0.6104 0.5951 0.5829 0.6080)
(-35.0000 0.0000 0.5263 0.5360 0.5268 0.5267 0.5103 0.4972 0.5241)
(-30.0000 0.0000 0.4471 0.4574 0.4477 0.4475 0.4302 0.4164 0.4449)
(-25.0000 0.0000 0.3752 0.3859 0.3758 0.3756 0.3575 0.3431 0.3728)
(-20.0000 0.0000 0.3128 0.3240 0.3135 0.3133 0.2945 0.2795 0.3104)
(-19.2860 0.0000 0.3000 0.3105 0.3011 0.3006 0.2829 0.2692 0.2979)
(-18.5710 0.0000 0.2872 0.2970 0.2887 0.2880 0.2713 0.2588 0.2854)
(-17.8570 0.0000 0.2744 0.2835 0.2763 0.2753 0.2597 0.2484 0.2729)
(-17.1430 0.0000 0.2617 0.2700 0.2639 0.2626 0.2482 0.2380 0.2604)
(-16.4290 0.0000 0.2489 0.2565 0.2515 0.2500 0.2366 0.2276 0.2479)
(-15.7140 0.0000 0.2361 0.2430 0.2392 0.2373 0.2250 0.2172 0.2354)
(-15.0000 0.0000 0.2233 0.2295 0.2268 0.2246 0.2134 0.2068 0.2229)
(-14.2860 0.0000 0.2105 0.2160 0.2144 0.2120 0.2018 0.1965 0.2105)
(-13.5710 0.0000 0.1977 0.2025 0.2020 0.1993 0.1902 0.1861 0.1980)
(-12.8570 0.0000 0.1849 0.1890 0.1896 0.1866 0.1787 0.1757 0.1855)
(-12.1430 0.0000 0.1721 0.1755 0.1772 0.1740 0.1671 0.1653 0.1730)
(-11.4290 0.0000 0.1594 0.1620 0.1649 0.1613 0.1555 0.1549 0.1605)
(-10.0000 0.0000 0.1060 0.1075 0.1157 0.1171 0.1191 0.1217 0.1237)
(-9.0000 0.0000 0.1002 0.1055 0.1116 0.1141 0.1153 0.1163 0.1188)
(-8.0000 0.0000 0.0937 0.1029 0.1067 0.1104 0.1107 0.1101 0.1133)
(-7.0000 0.0000 0.0866 0.0940 0.0974 0.1015 0.0999 0.0993 0.0968)
(-6.0000 0.0000 0.0788 0.0838 0.0870 0.0919 0.0885 0.0879 0.0787)
(-5.0000 0.0000 0.0586 0.0671 0.0646 0.0639 0.0593 0.0575 0.0518)
(-4.0000 0.0000 0.0382 0.0464 0.0435 0.0359 0.0305 0.0275 0.0253)
(-3.0000 0.0000 0.0332 0.0420 0.0387 0.0301 0.0245 0.0219 0.0213)
(-2.0000 0.0000 0.0280 0.0376 0.0339 0.0243 0.0188 0.0166 0.0174)
(-1.0000 0.0000 0.0259 0.0388 0.0346 0.0220 0.0170 0.0156 0.0155)
(0.0000 0.0000 0.0240 0.0398 0.0352 0.0198 0.0151 0.0145 0.0136)
(1.0000 0.0000 0.0301 0.0411 0.0391 0.0180 0.0137 0.0128 0.0128)
(2.0000 0.0000 0.0389 0.0415 0.0379 0.0165 0.0142 0.0134 0.0134)
(3.0000 0.0000 0.0315 0.0385 0.0367 0.0186 0.0148 0.0141 0.0141)
(4.0000 0.0000 0.0307 0.0375 0.0351 0.0202 0.0158 0.0150 0.0152)
(5.0000 0.0000 0.0310 0.0364 0.0342 0.0225 0.0171 0.0163 0.0164)
(6.0000 0.0000 0.0314 0.0368 0.0329 0.0227 0.0189 0.0178 0.0179)
(7.0000 0.0000 0.0359 0.0390 0.0343 0.0235 0.0209 0.0197 0.0196)
(8.0000 0.0000 0.0424 0.0447 0.0393 0.0273 0.0234 0.0221 0.0223)
(9.0000 0.0000 0.0442 0.0472 0.0429 0.0313 0.0269 0.0251 0.0253)
(10.0000 0.0000 0.0459 0.0537 0.0498 0.0375 0.0296 0.0284 0.0281)
(11.0000 0.0000 0.0550 0.0689 0.0566 0.0505 0.0325 0.0305 0.0294)
(12.0000 0.0000 0.0870 0.1601 0.1484 0.1503 0.0356 0.0368 0.0485)
(13.0000 0.0000 0.1404 0.1618 0.1766 0.1631 0.0574 0.0938 0.1305)
(14.0000 0.0000 0.1564 0.2370 0.2904 0.1902 0.1052 0.1144 0.1545)
(15.0000 0.0000 0.2390 0.2452 0.2689 0.2965 0.1367 0.1406 0.1727)
(16.0000 0.0000 0.2407 0.2500 0.2742 0.2995 0.1698 0.1691 0.2454)
(17.0000 0.0000 0.2458 0.2607 0.2733 0.2886 0.2193 0.2160 0.2540)
(18.0000 0.0000 0.2511 0.2638 0.2701 0.2780 0.2630 0.2568 0.2617)
(19.0000 0.0000 0.2606 0.2701 0.2677 0.2716 0.2562 0.2455 0.2634)
(20.0000 0.0000 0.2671 0.2734 0.2633 0.2637 0.2483 0.2335 0.2629)
(25.0000 0.0000 0.2998 0.3059 0.2957 0.2953 0.2806 0.2664 0.2947)
(30.0000 0.0000 0.3419 0.3478 0.3376 0.3367 0.3227 0.3090 0.3361)
(35.0000 0.0000 0.3932 0.3990 0.3890 0.3876 0.3742 0.3614 0.3871)
(40.0000 0.0000 0.4531 0.4587 0.4491 0.4472 0.4346 0.4226 0.4467)
(45.0000 0.0000 0.5203 0.5258 0.5165 0.5144 0.5026 0.4915 0.5138)
(50.0000 0.0000 0.5933 0.5985 0.5899 0.5877 0.5766 0.5665 0.5869)
(55.0000 0.0000 0.6705 0.6753 0.6675 0.6652 0.6550 0.6459 0.6641)
(60.0000 0.0000 0.7499 0.7543 0.7473 0.7451 0.7358 0.7279 0.7438)
(65.0000 0.0000 0.8295 0.8333 0.8273 0.8253 0.8171 0.8103 0.8238)
(70.0000 0.0000 0.9071 0.9103 0.9054 0.9037 0.8967 0.8913 0.9022)
(75.0000 0.0000 0.9803 0.9828 0.9791 0.9778 0.9723 0.9682 0.9764)
(80.0000 0.0000 1.0459 1.0476 1.0452 1.0444 1.0406 1.0378 1.0433)
(85.0000 0.0000 1.0978 1.0988 1.0976 1.0973 1.0954 1.0940 1.0968)
(90.0000 0.0000 1.1169 1.1169 1.1169 1.1169 1.1169 1.1169 1.1169)
(95.0000 0.0000 1.1253 1.1264 1.1254 1.1254 1.1236 1.1223 1.1251)
(100.0000 0.0000 1.1169 1.1190 1.1170 1.1170 1.1135 1.1108 1.1165)
(105.0000 0.0000 1.0923 1.0954 1.0925 1.0924 1.0872 1.0831 1.0916)
(110.0000 0.0000 1.0526 1.0566 1.0528 1.0528 1.0459 1.0405 1.0517)
(115.0000 0.0000 0.9994 1.0044 0.9997 0.9996 0.9911 0.9844 0.9983)
(120.0000 0.0000 0.9346 0.9406 0.9350 0.9349 0.9249 0.9169 0.9333)
(125.0000 0.0000 0.8607 0.8675 0.8611 0.8610 0.8495 0.8404 0.8592)
(130.0000 0.0000 0.7800 0.7877 0.7805 0.7804 0.7675 0.7573 0.7784)
(135.0000 0.0000 0.6955 0.7039 0.6960 0.6959 0.6818 0.6705 0.6937)
(140.0000 0.0000 0.6100 0.6191 0.6105 0.6104 0.5951 0.5829 0.6080)
(145.0000 0.0000 0.5263 0.5360 0.5268 0.5267 0.5103 0.4972 0.5241)
(150.0000 0.0000 0.4471 0.4574 0.4477 0.4475 0.4302 0.4164 0.4449)
(155.0000 0.0000 0.3752 0.3859 0.3758 0.3756 0.3575 0.3431 0.3728)
(160.0000 0.0000 0.3128 0.3240 0.3135 0.3133 0.2945 0.2795 0.3104)
(161.4290 0.0000 0.2971 0.3083 0.2977 0.2975 0.2786 0.2635 0.2946)
(162.8570 0.0000 0.2823 0.2936 0.2829 0.2828 0.2637 0.2484 0.2798)
(164.2860 0.0000 0.2685 0.2800 0.2692 0.2690 0.2498 0.2345 0.2660)
(165.7140 0.0000 0.2559 0.2674 0.2565 0.2563 0.2370 0.2216 0.2533)
(167.1430 0.0000 0.2443 0.2559 0.2450 0.2448 0.2253 0.2098 0.2417)
(168.5710 0.0000 0.2339 0.2455 0.2345 0.2343 0.2148 0.1992 0.2313)
(170.0000 0.0000 0.2246 0.2363 0.2252 0.2251 0.2054 0.1897 0.2220)
(171.4290 0.0000 0.2165 0.2282 0.2172 0.2170 0.1972 0.1815 0.2139)
(172.8570 0.0000 0.2096 0.2214 0.2103 0.2101 0.1903 0.1745 0.2070)
(174.2860 0.0000 0.2040 0.2158 0.2046 0.2045 0.1846 0.1687 0.2014)
(175.7140 0.0000 0.1995 0.2114 0.2002 0.2000 0.1801 0.1642 0.1969)
(177.1430 0.0000 0.1964 0.2082 0.1971 0.1969 0.1769 0.1610 0.1938)
(178.5710 0.0000 0.1945 0.2064 0.1952 0.1950 0.1750 0.1591 0.1919)
(180.0000 0.0000 0.1938 0.2057 0.1945 0.1943 0.1744 0.1584 0.1912)
