// Drag coefficient polar, from OC6 Phase III
// alpha[deg] 
// Re = 0.0E+0 5.0E+04 6.0E+04 7.5E+04 1.0E+05 1.5E+05 1.7E+05 2.0E+05 
(-180.0000 0.0000 0.1938 0.2057 0.1945 0.1943 0.1744 0.1584 0.1912)
(-178.5710 0.0000 0.1945 0.2064 0.1952 0.1950 0.1750 0.1591 0.1919)
(-177.1430 0.0000 0.1964 0.2082 0.1971 0.1969 0.1769 0.1610 0.1938)
(-175.7140 0.0000 0.1995 0.2114 0.2002 0.2000 0.1801 0.1642 0.1969)
(-174.2860 0.0000 0.2040 0.2158 0.2046 0.2045 0.1846 0.1687 0.2014)
(-172.8570 0.0000 0.2096 0.2214 0.2103 0.2101 0.1903 0.1745 0.2070)
(-171.4290 0.0000 0.2165 0.2282 0.2172 0.2170 0.1972 0.1815 0.2139)
(-170.0000 0.0000 0.2246 0.2363 0.2252 0.2251 0.2054 0.1897 0.2220)
(-168.5710 0.0000 0.2339 0.2455 0.2345 0.2343 0.2148 0.1992 0.2313)
(-167.1430 0.0000 0.2443 0.2559 0.2450 0.2448 0.2253 0.2098 0.2417)
(-165.7140 0.0000 0.2559 0.2674 0.2565 0.2563 0.2370 0.2216 0.2533)
(-164.2860 0.0000 0.2685 0.2800 0.2692 0.2690 0.2498 0.2345 0.2660)
(-162.8570 0.0000 0.2823 0.2936 0.2829 0.2828 0.2637 0.2484 0.2798)
(-161.4290 0.0000 0.2971 0.3083 0.2977 0.2975 0.2786 0.2635 0.2946)
(-160.0000 0.0000 0.3128 0.3240 0.3135 0.3133 0.2945 0.2795 0.3104)
(-155.0000 0.0000 0.3752 0.3859 0.3758 0.3756 0.3575 0.3431 0.3728)
(-150.0000 0.0000 0.4471 0.4574 0.4477 0.4475 0.4302 0.4164 0.4449)
(-145.0000 0.0000 0.5263 0.5360 0.5268 0.5267 0.5103 0.4972 0.5241)
(-140.0000 0.0000 0.6100 0.6191 0.6105 0.6104 0.5951 0.5829 0.6080)
(-135.0000 0.0000 0.6955 0.7039 0.6960 0.6959 0.6818 0.6705 0.6937)
(-130.0000 0.0000 0.7800 0.7877 0.7805 0.7804 0.7675 0.7573 0.7784)
(-125.0000 0.0000 0.8607 0.8675 0.8611 0.8610 0.8495 0.8404 0.8592)
(-120.0000 0.0000 0.9346 0.9406 0.9350 0.9349 0.9249 0.9169 0.9333)
(-115.0000 0.0000 0.9994 1.0044 0.9997 0.9996 0.9911 0.9844 0.9983)
(-110.0000 0.0000 1.0526 1.0566 1.0528 1.0528 1.0459 1.0405 1.0517)
(-105.0000 0.0000 1.0923 1.0954 1.0925 1.0924 1.0872 1.0831 1.0916)
(-100.0000 0.0000 1.1169 1.1190 1.1170 1.1170 1.1135 1.1108 1.1165)
(-95.0000 0.0000 1.1253 1.1264 1.1254 1.1254 1.1236 1.1223 1.1251)
(-90.0000 0.0000 1.1169 1.1169 1.1169 1.1169 1.1169 1.1169 1.1169)
(-85.0000 0.0000 1.1253 1.1264 1.1254 1.1254 1.1236 1.1223 1.1251)
(-80.0000 0.0000 1.1169 1.1190 1.1170 1.1170 1.1135 1.1108 1.1165)
(-75.0000 0.0000 1.0923 1.0954 1.0925 1.0924 1.0872 1.0831 1.0916)
(-70.0000 0.0000 1.0526 1.0566 1.0528 1.0528 1.0459 1.0405 1.0517)
(-65.0000 0.0000 0.9994 1.0044 0.9997 0.9996 0.9911 0.9844 0.9983)
(-60.0000 0.0000 0.9346 0.9406 0.9350 0.9349 0.9249 0.9169 0.9333)
(-55.0000 0.0000 0.8607 0.8675 0.8611 0.8610 0.8495 0.8404 0.8592)
(-50.0000 0.0000 0.7800 0.7877 0.7805 0.7804 0.7675 0.7573 0.7784)
(-45.0000 0.0000 0.6955 0.7039 0.6960 0.6959 0.6818 0.6705 0.6937)
(-40.0000 0.0000 0.6100 0.6191 0.6105 0.6104 0.5951 0.5829 0.6080)
(-35.0000 0.0000 0.5263 0.5360 0.5268 0.5267 0.5103 0.4972 0.5241)
(-30.0000 0.0000 0.4471 0.4574 0.4477 0.4475 0.4302 0.4164 0.4449)
(-25.0000 0.0000 0.3752 0.3859 0.3758 0.3756 0.3575 0.3431 0.3728)
(-20.0000 0.0000 0.3128 0.3240 0.3135 0.3133 0.2945 0.2795 0.3104)
(-19.2860 0.0000 0.3000 0.3105 0.3011 0.3006 0.2829 0.2692 0.2979)
(-18.5710 0.0000 0.2872 0.2970 0.2887 0.2880 0.2713 0.2588 0.2854)
(-17.8570 0.0000 0.2744 0.2835 0.2763 0.2753 0.2597 0.2484 0.2729)
(-17.1430 0.0000 0.2617 0.2700 0.2639 0.2626 0.2482 0.2380 0.2604)
(-16.4290 0.0000 0.2489 0.2565 0.2515 0.2500 0.2366 0.2276 0.2479)
(-15.7140 0.0000 0.2361 0.2430 0.2392 0.2373 0.2250 0.2172 0.2354)
(-15.0000 0.0000 0.2233 0.2295 0.2268 0.2246 0.2134 0.2068 0.2229)
(-14.2860 0.0000 0.2105 0.2160 0.2144 0.2120 0.2018 0.1965 0.2105)
(-13.5710 0.0000 0.1977 0.2025 0.2020 0.1993 0.1902 0.1861 0.1980)
(-12.8570 0.0000 0.1849 0.1890 0.1896 0.1866 0.1787 0.1757 0.1855)
(-12.1430 0.0000 0.1721 0.1755 0.1772 0.1740 0.1671 0.1653 0.1730)
(-11.4290 0.0000 0.1594 0.1620 0.1649 0.1613 0.1555 0.1549 0.1605)
(-10.0000 0.0000 0.1132 0.1146 0.1220 0.1220 0.1225 0.1249 0.1268)
(-9.0000 0.0000 0.1056 0.1108 0.1161 0.1172 0.1169 0.1177 0.1200)
(-8.0000 0.0000 0.0974 0.1065 0.1097 0.1119 0.1107 0.1099 0.1129)
(-7.0000 0.0000 0.0890 0.0962 0.0990 0.1017 0.0988 0.0981 0.0956)
(-6.0000 0.0000 0.0801 0.0847 0.0873 0.0911 0.0864 0.0858 0.0769)
(-5.0000 0.0000 0.0596 0.0679 0.0648 0.0632 0.0579 0.0561 0.0508)
(-4.0000 0.0000 0.0389 0.0469 0.0436 0.0353 0.0296 0.0268 0.0249)
(-3.0000 0.0000 0.0337 0.0424 0.0388 0.0296 0.0241 0.0216 0.0211)
(-2.0000 0.0000 0.0284 0.0378 0.0339 0.0240 0.0189 0.0167 0.0174)
(-1.0000 0.0000 0.0261 0.0389 0.0346 0.0218 0.0170 0.0156 0.0155)
(0.0000 0.0000 0.0240 0.0398 0.0352 0.0198 0.0151 0.0145 0.0136)
(1.0000 0.0000 0.0301 0.0411 0.0392 0.0179 0.0138 0.0128 0.0128)
(2.0000 0.0000 0.0389 0.0417 0.0380 0.0164 0.0142 0.0134 0.0134)
(3.0000 0.0000 0.0316 0.0386 0.0368 0.0185 0.0148 0.0142 0.0142)
(4.0000 0.0000 0.0308 0.0375 0.0351 0.0201 0.0158 0.0150 0.0152)
(5.0000 0.0000 0.0310 0.0364 0.0342 0.0224 0.0172 0.0163 0.0164)
(6.0000 0.0000 0.0314 0.0368 0.0329 0.0227 0.0189 0.0178 0.0179)
(7.0000 0.0000 0.0359 0.0390 0.0343 0.0235 0.0209 0.0197 0.0196)
(8.0000 0.0000 0.0425 0.0447 0.0394 0.0274 0.0234 0.0221 0.0223)
(9.0000 0.0000 0.0444 0.0474 0.0431 0.0316 0.0270 0.0252 0.0253)
(10.0000 0.0000 0.0462 0.0541 0.0503 0.0380 0.0298 0.0286 0.0283)
(11.0000 0.0000 0.0557 0.0697 0.0575 0.0515 0.0330 0.0310 0.0299)
(12.0000 0.0000 0.0887 0.1620 0.1505 0.1525 0.0368 0.0379 0.0497)
(13.0000 0.0000 0.1431 0.1646 0.1795 0.1663 0.0596 0.0962 0.1330)
(14.0000 0.0000 0.1602 0.2419 0.2951 0.1945 0.1088 0.1179 0.1584)
(15.0000 0.0000 0.2440 0.2514 0.2749 0.3022 0.1415 0.1453 0.1778)
(16.0000 0.0000 0.2469 0.2574 0.2814 0.3064 0.1759 0.1752 0.2518)
(17.0000 0.0000 0.2534 0.2695 0.2819 0.2970 0.2268 0.2234 0.2618)
(18.0000 0.0000 0.2601 0.2739 0.2801 0.2878 0.2719 0.2657 0.2710)
(19.0000 0.0000 0.2710 0.2818 0.2792 0.2829 0.2666 0.2559 0.2742)
(20.0000 0.0000 0.2789 0.2865 0.2763 0.2766 0.2603 0.2454 0.2752)
(25.0000 0.0000 0.3193 0.3266 0.3164 0.3161 0.3005 0.2862 0.3149)
(30.0000 0.0000 0.3691 0.3762 0.3662 0.3654 0.3505 0.3369 0.3643)
(35.0000 0.0000 0.4277 0.4345 0.4247 0.4236 0.4095 0.3966 0.4226)
(40.0000 0.0000 0.4937 0.5003 0.4909 0.4895 0.4762 0.4641 0.4885)
(45.0000 0.0000 0.5657 0.5719 0.5631 0.5615 0.5490 0.5379 0.5604)
(50.0000 0.0000 0.6417 0.6476 0.6393 0.6376 0.6261 0.6159 0.6365)
(55.0000 0.0000 0.7198 0.7251 0.7177 0.7159 0.7054 0.6963 0.7147)
(60.0000 0.0000 0.7978 0.8025 0.7959 0.7943 0.7848 0.7769 0.7929)
(65.0000 0.0000 0.8735 0.8776 0.8720 0.8705 0.8622 0.8555 0.8690)
(70.0000 0.0000 0.9448 0.9482 0.9436 0.9423 0.9354 0.9299 0.9409)
(75.0000 0.0000 1.0093 1.0120 1.0085 1.0075 1.0021 0.9979 1.0063)
(80.0000 0.0000 1.0643 1.0661 1.0638 1.0632 1.0595 1.0567 1.0623)
(85.0000 0.0000 1.1050 1.1059 1.1048 1.1046 1.1027 1.1013 1.1041)
(90.0000 0.0000 1.1169 1.1169 1.1169 1.1169 1.1169 1.1169 1.1169)
(95.0000 0.0000 1.1253 1.1264 1.1254 1.1254 1.1236 1.1223 1.1251)
(100.0000 0.0000 1.1169 1.1190 1.1170 1.1170 1.1135 1.1108 1.1165)
(105.0000 0.0000 1.0923 1.0954 1.0925 1.0924 1.0872 1.0831 1.0916)
(110.0000 0.0000 1.0526 1.0566 1.0528 1.0528 1.0459 1.0405 1.0517)
(115.0000 0.0000 0.9994 1.0044 0.9997 0.9996 0.9911 0.9844 0.9983)
(120.0000 0.0000 0.9346 0.9406 0.9350 0.9349 0.9249 0.9169 0.9333)
(125.0000 0.0000 0.8607 0.8675 0.8611 0.8610 0.8495 0.8404 0.8592)
(130.0000 0.0000 0.7800 0.7877 0.7805 0.7804 0.7675 0.7573 0.7784)
(135.0000 0.0000 0.6955 0.7039 0.6960 0.6959 0.6818 0.6705 0.6937)
(140.0000 0.0000 0.6100 0.6191 0.6105 0.6104 0.5951 0.5829 0.6080)
(145.0000 0.0000 0.5263 0.5360 0.5268 0.5267 0.5103 0.4972 0.5241)
(150.0000 0.0000 0.4471 0.4574 0.4477 0.4475 0.4302 0.4164 0.4449)
(155.0000 0.0000 0.3752 0.3859 0.3758 0.3756 0.3575 0.3431 0.3728)
(160.0000 0.0000 0.3128 0.3240 0.3135 0.3133 0.2945 0.2795 0.3104)
(161.4290 0.0000 0.2971 0.3083 0.2977 0.2975 0.2786 0.2635 0.2946)
(162.8570 0.0000 0.2823 0.2936 0.2829 0.2828 0.2637 0.2484 0.2798)
(164.2860 0.0000 0.2685 0.2800 0.2692 0.2690 0.2498 0.2345 0.2660)
(165.7140 0.0000 0.2559 0.2674 0.2565 0.2563 0.2370 0.2216 0.2533)
(167.1430 0.0000 0.2443 0.2559 0.2450 0.2448 0.2253 0.2098 0.2417)
(168.5710 0.0000 0.2339 0.2455 0.2345 0.2343 0.2148 0.1992 0.2313)
(170.0000 0.0000 0.2246 0.2363 0.2252 0.2251 0.2054 0.1897 0.2220)
(171.4290 0.0000 0.2165 0.2282 0.2172 0.2170 0.1972 0.1815 0.2139)
(172.8570 0.0000 0.2096 0.2214 0.2103 0.2101 0.1903 0.1745 0.2070)
(174.2860 0.0000 0.2040 0.2158 0.2046 0.2045 0.1846 0.1687 0.2014)
(175.7140 0.0000 0.1995 0.2114 0.2002 0.2000 0.1801 0.1642 0.1969)
(177.1430 0.0000 0.1964 0.2082 0.1971 0.1969 0.1769 0.1610 0.1938)
(178.5710 0.0000 0.1945 0.2064 0.1952 0.1950 0.1750 0.1591 0.1919)
(180.0000 0.0000 0.1938 0.2057 0.1945 0.1943 0.1744 0.1584 0.1912)
