// Drag coefficient polar, from OC6 Phase III
// alpha[deg] 
// Re = 0.0E+0 5.0E+04 6.0E+04 7.5E+04 1.0E+05 1.5E+05 1.7E+05 2.0E+05 
(-180.0000 0.0000 0.1938 0.2057 0.1945 0.1943 0.1744 0.1584 0.1912)
(-178.5710 0.0000 0.1945 0.2064 0.1952 0.1950 0.1750 0.1591 0.1919)
(-177.1430 0.0000 0.1964 0.2082 0.1971 0.1969 0.1769 0.1610 0.1938)
(-175.7140 0.0000 0.1995 0.2114 0.2002 0.2000 0.1801 0.1642 0.1969)
(-174.2860 0.0000 0.2040 0.2158 0.2046 0.2045 0.1846 0.1687 0.2014)
(-172.8570 0.0000 0.2096 0.2214 0.2103 0.2101 0.1903 0.1745 0.2070)
(-171.4290 0.0000 0.2165 0.2282 0.2172 0.2170 0.1972 0.1815 0.2139)
(-170.0000 0.0000 0.2246 0.2363 0.2252 0.2251 0.2054 0.1897 0.2220)
(-168.5710 0.0000 0.2339 0.2455 0.2345 0.2343 0.2148 0.1992 0.2313)
(-167.1430 0.0000 0.2443 0.2559 0.2450 0.2448 0.2253 0.2098 0.2417)
(-165.7140 0.0000 0.2559 0.2674 0.2565 0.2563 0.2370 0.2216 0.2533)
(-164.2860 0.0000 0.2685 0.2800 0.2692 0.2690 0.2498 0.2345 0.2660)
(-162.8570 0.0000 0.2823 0.2936 0.2829 0.2828 0.2637 0.2484 0.2798)
(-161.4290 0.0000 0.2971 0.3083 0.2977 0.2975 0.2786 0.2635 0.2946)
(-160.0000 0.0000 0.3128 0.3240 0.3135 0.3133 0.2945 0.2795 0.3104)
(-155.0000 0.0000 0.3752 0.3859 0.3758 0.3756 0.3575 0.3431 0.3728)
(-150.0000 0.0000 0.4471 0.4574 0.4477 0.4475 0.4302 0.4164 0.4449)
(-145.0000 0.0000 0.5263 0.5360 0.5268 0.5267 0.5103 0.4972 0.5241)
(-140.0000 0.0000 0.6100 0.6191 0.6105 0.6104 0.5951 0.5829 0.6080)
(-135.0000 0.0000 0.6955 0.7039 0.6960 0.6959 0.6818 0.6705 0.6937)
(-130.0000 0.0000 0.7800 0.7877 0.7805 0.7804 0.7675 0.7573 0.7784)
(-125.0000 0.0000 0.8607 0.8675 0.8611 0.8610 0.8495 0.8404 0.8592)
(-120.0000 0.0000 0.9346 0.9406 0.9350 0.9349 0.9249 0.9169 0.9333)
(-115.0000 0.0000 0.9994 1.0044 0.9997 0.9996 0.9911 0.9844 0.9983)
(-110.0000 0.0000 1.0526 1.0566 1.0528 1.0528 1.0459 1.0405 1.0517)
(-105.0000 0.0000 1.0923 1.0954 1.0925 1.0924 1.0872 1.0831 1.0916)
(-100.0000 0.0000 1.1169 1.1190 1.1170 1.1170 1.1135 1.1108 1.1165)
(-95.0000 0.0000 1.1253 1.1264 1.1254 1.1254 1.1236 1.1223 1.1251)
(-90.0000 0.0000 1.1169 1.1169 1.1169 1.1169 1.1169 1.1169 1.1169)
(-85.0000 0.0000 1.1253 1.1264 1.1254 1.1254 1.1236 1.1223 1.1251)
(-80.0000 0.0000 1.1169 1.1190 1.1170 1.1170 1.1135 1.1108 1.1165)
(-75.0000 0.0000 1.0923 1.0954 1.0925 1.0924 1.0872 1.0831 1.0916)
(-70.0000 0.0000 1.0526 1.0566 1.0528 1.0528 1.0459 1.0405 1.0517)
(-65.0000 0.0000 0.9994 1.0044 0.9997 0.9996 0.9911 0.9844 0.9983)
(-60.0000 0.0000 0.9346 0.9406 0.9350 0.9349 0.9249 0.9169 0.9333)
(-55.0000 0.0000 0.8607 0.8675 0.8611 0.8610 0.8495 0.8404 0.8592)
(-50.0000 0.0000 0.7800 0.7877 0.7805 0.7804 0.7675 0.7573 0.7784)
(-45.0000 0.0000 0.6955 0.7039 0.6960 0.6959 0.6818 0.6705 0.6937)
(-40.0000 0.0000 0.6100 0.6191 0.6105 0.6104 0.5951 0.5829 0.6080)
(-35.0000 0.0000 0.5263 0.5360 0.5268 0.5267 0.5103 0.4972 0.5241)
(-30.0000 0.0000 0.4471 0.4574 0.4477 0.4475 0.4302 0.4164 0.4449)
(-25.0000 0.0000 0.3752 0.3859 0.3758 0.3756 0.3575 0.3431 0.3728)
(-20.0000 0.0000 0.3128 0.3240 0.3135 0.3133 0.2945 0.2795 0.3104)
(-19.2860 0.0000 0.3000 0.3105 0.3011 0.3006 0.2829 0.2692 0.2979)
(-18.5710 0.0000 0.2872 0.2970 0.2887 0.2880 0.2713 0.2588 0.2854)
(-17.8570 0.0000 0.2744 0.2835 0.2763 0.2753 0.2597 0.2484 0.2729)
(-17.1430 0.0000 0.2617 0.2700 0.2639 0.2626 0.2482 0.2380 0.2604)
(-16.4290 0.0000 0.2489 0.2565 0.2515 0.2500 0.2366 0.2276 0.2479)
(-15.7140 0.0000 0.2361 0.2430 0.2392 0.2373 0.2250 0.2172 0.2354)
(-15.0000 0.0000 0.2233 0.2295 0.2268 0.2246 0.2134 0.2068 0.2229)
(-14.2860 0.0000 0.2105 0.2160 0.2144 0.2120 0.2018 0.1965 0.2105)
(-13.5710 0.0000 0.1977 0.2025 0.2020 0.1993 0.1902 0.1861 0.1980)
(-12.8570 0.0000 0.1849 0.1890 0.1896 0.1866 0.1787 0.1757 0.1855)
(-12.1430 0.0000 0.1721 0.1755 0.1772 0.1740 0.1671 0.1653 0.1730)
(-11.4290 0.0000 0.1594 0.1620 0.1649 0.1613 0.1555 0.1549 0.1605)
(-10.0000 0.0000 0.1459 0.1471 0.1507 0.1442 0.1381 0.1396 0.1406)
(-9.0000 0.0000 0.1300 0.1350 0.1369 0.1313 0.1242 0.1240 0.1255)
(-8.0000 0.0000 0.1144 0.1233 0.1233 0.1187 0.1107 0.1089 0.1108)
(-7.0000 0.0000 0.1000 0.1064 0.1062 0.1028 0.0937 0.0925 0.0900)
(-6.0000 0.0000 0.0858 0.0892 0.0889 0.0872 0.0770 0.0763 0.0687)
(-5.0000 0.0000 0.0639 0.0711 0.0657 0.0598 0.0515 0.0502 0.0460)
(-4.0000 0.0000 0.0421 0.0494 0.0442 0.0324 0.0258 0.0238 0.0232)
(-3.0000 0.0000 0.0360 0.0441 0.0391 0.0275 0.0225 0.0205 0.0204)
(-2.0000 0.0000 0.0299 0.0390 0.0340 0.0225 0.0191 0.0170 0.0175)
(-1.0000 0.0000 0.0269 0.0394 0.0346 0.0212 0.0171 0.0158 0.0155)
(0.0000 0.0000 0.0240 0.0398 0.0352 0.0198 0.0151 0.0145 0.0136)
(1.0000 0.0000 0.0298 0.0411 0.0398 0.0177 0.0138 0.0129 0.0129)
(2.0000 0.0000 0.0388 0.0425 0.0385 0.0160 0.0143 0.0134 0.0135)
(3.0000 0.0000 0.0322 0.0392 0.0370 0.0181 0.0148 0.0142 0.0142)
(4.0000 0.0000 0.0313 0.0379 0.0351 0.0196 0.0158 0.0151 0.0152)
(5.0000 0.0000 0.0312 0.0365 0.0340 0.0219 0.0172 0.0164 0.0164)
(6.0000 0.0000 0.0314 0.0368 0.0327 0.0224 0.0189 0.0178 0.0179)
(7.0000 0.0000 0.0359 0.0390 0.0344 0.0236 0.0209 0.0197 0.0196)
(8.0000 0.0000 0.0427 0.0451 0.0398 0.0280 0.0235 0.0222 0.0224)
(9.0000 0.0000 0.0452 0.0484 0.0443 0.0329 0.0274 0.0255 0.0257)
(10.0000 0.0000 0.0479 0.0560 0.0525 0.0405 0.0309 0.0295 0.0293)
(11.0000 0.0000 0.0589 0.0731 0.0612 0.0560 0.0355 0.0333 0.0322)
(12.0000 0.0000 0.0964 0.1707 0.1602 0.1625 0.0418 0.0431 0.0553)
(13.0000 0.0000 0.1555 0.1776 0.1926 0.1807 0.0693 0.1067 0.1447)
(14.0000 0.0000 0.1775 0.2640 0.3163 0.2143 0.1250 0.1340 0.1760)
(15.0000 0.0000 0.2668 0.2795 0.3020 0.3278 0.1634 0.1671 0.2011)
(16.0000 0.0000 0.2753 0.2912 0.3143 0.3379 0.2035 0.2026 0.2808)
(17.0000 0.0000 0.2876 0.3093 0.3209 0.3347 0.2606 0.2570 0.2971)
(18.0000 0.0000 0.3006 0.3201 0.3255 0.3322 0.3123 0.3059 0.3129)
(19.0000 0.0000 0.3182 0.3346 0.3313 0.3342 0.3140 0.3030 0.3231)
(20.0000 0.0000 0.3327 0.3460 0.3353 0.3349 0.3146 0.2996 0.3310)
(25.0000 0.0000 0.4080 0.4208 0.4107 0.4106 0.3910 0.3765 0.4069)
(30.0000 0.0000 0.4930 0.5051 0.4956 0.4958 0.4771 0.4632 0.4922)
(35.0000 0.0000 0.5842 0.5956 0.5868 0.5873 0.5696 0.5564 0.5838)
(40.0000 0.0000 0.6784 0.6889 0.6808 0.6815 0.6649 0.6527 0.6782)
(45.0000 0.0000 0.7719 0.7816 0.7742 0.7750 0.7598 0.7485 0.7721)
(50.0000 0.0000 0.8614 0.8701 0.8635 0.8643 0.8507 0.8404 0.8618)
(55.0000 0.0000 0.9435 0.9512 0.9454 0.9462 0.9342 0.9251 0.9441)
(60.0000 0.0000 1.0151 1.0217 1.0167 1.0176 1.0073 0.9993 1.0159)
(65.0000 0.0000 1.0734 1.0789 1.0747 1.0755 1.0670 1.0602 1.0743)
(70.0000 0.0000 1.1160 1.1204 1.1170 1.1177 1.1109 1.1055 1.1168)
(75.0000 0.0000 1.1411 1.1444 1.1418 1.1423 1.1373 1.1332 1.1418)
(80.0000 0.0000 1.1479 1.1501 1.1483 1.1486 1.1453 1.1426 1.1483)
(85.0000 0.0000 1.1373 1.1384 1.1375 1.1376 1.1360 1.1346 1.1375)
(90.0000 0.0000 1.1169 1.1169 1.1169 1.1169 1.1169 1.1169 1.1169)
(95.0000 0.0000 1.1253 1.1264 1.1254 1.1254 1.1236 1.1223 1.1251)
(100.0000 0.0000 1.1169 1.1190 1.1170 1.1170 1.1135 1.1108 1.1165)
(105.0000 0.0000 1.0923 1.0954 1.0925 1.0924 1.0872 1.0831 1.0916)
(110.0000 0.0000 1.0526 1.0566 1.0528 1.0528 1.0459 1.0405 1.0517)
(115.0000 0.0000 0.9994 1.0044 0.9997 0.9996 0.9911 0.9844 0.9983)
(120.0000 0.0000 0.9346 0.9406 0.9350 0.9349 0.9249 0.9169 0.9333)
(125.0000 0.0000 0.8607 0.8675 0.8611 0.8610 0.8495 0.8404 0.8592)
(130.0000 0.0000 0.7800 0.7877 0.7805 0.7804 0.7675 0.7573 0.7784)
(135.0000 0.0000 0.6955 0.7039 0.6960 0.6959 0.6818 0.6705 0.6937)
(140.0000 0.0000 0.6100 0.6191 0.6105 0.6104 0.5951 0.5829 0.6080)
(145.0000 0.0000 0.5263 0.5360 0.5268 0.5267 0.5103 0.4972 0.5241)
(150.0000 0.0000 0.4471 0.4574 0.4477 0.4475 0.4302 0.4164 0.4449)
(155.0000 0.0000 0.3752 0.3859 0.3758 0.3756 0.3575 0.3431 0.3728)
(160.0000 0.0000 0.3128 0.3240 0.3135 0.3133 0.2945 0.2795 0.3104)
(161.4290 0.0000 0.2971 0.3083 0.2977 0.2975 0.2786 0.2635 0.2946)
(162.8570 0.0000 0.2823 0.2936 0.2829 0.2828 0.2637 0.2484 0.2798)
(164.2860 0.0000 0.2685 0.2800 0.2692 0.2690 0.2498 0.2345 0.2660)
(165.7140 0.0000 0.2559 0.2674 0.2565 0.2563 0.2370 0.2216 0.2533)
(167.1430 0.0000 0.2443 0.2559 0.2450 0.2448 0.2253 0.2098 0.2417)
(168.5710 0.0000 0.2339 0.2455 0.2345 0.2343 0.2148 0.1992 0.2313)
(170.0000 0.0000 0.2246 0.2363 0.2252 0.2251 0.2054 0.1897 0.2220)
(171.4290 0.0000 0.2165 0.2282 0.2172 0.2170 0.1972 0.1815 0.2139)
(172.8570 0.0000 0.2096 0.2214 0.2103 0.2101 0.1903 0.1745 0.2070)
(174.2860 0.0000 0.2040 0.2158 0.2046 0.2045 0.1846 0.1687 0.2014)
(175.7140 0.0000 0.1995 0.2114 0.2002 0.2000 0.1801 0.1642 0.1969)
(177.1430 0.0000 0.1964 0.2082 0.1971 0.1969 0.1769 0.1610 0.1938)
(178.5710 0.0000 0.1945 0.2064 0.1952 0.1950 0.1750 0.1591 0.1919)
(180.0000 0.0000 0.1938 0.2057 0.1945 0.1943 0.1744 0.1584 0.1912)
