// Drag coefficient polar, from OC6 Phase III
// alpha[deg] 
// Re = 0.0E+0 5.0E+04 6.0E+04 7.5E+04 1.0E+05 1.5E+05 1.7E+05 2.0E+05 
(-180.0000 0.0000 0.3535 0.3635 0.3540 0.3539 0.3354 0.3208 0.3465)
(-178.5710 0.0000 0.3540 0.3640 0.3546 0.3544 0.3359 0.3213 0.3470)
(-177.1430 0.0000 0.3556 0.3656 0.3562 0.3560 0.3375 0.3229 0.3486)
(-175.7140 0.0000 0.3583 0.3682 0.3588 0.3587 0.3402 0.3256 0.3513)
(-174.2860 0.0000 0.3620 0.3719 0.3625 0.3624 0.3440 0.3294 0.3550)
(-172.8570 0.0000 0.3667 0.3766 0.3673 0.3672 0.3488 0.3342 0.3598)
(-171.4290 0.0000 0.3725 0.3824 0.3731 0.3729 0.3546 0.3401 0.3656)
(-170.0000 0.0000 0.3793 0.3892 0.3799 0.3797 0.3615 0.3471 0.3724)
(-168.5710 0.0000 0.3871 0.3969 0.3877 0.3875 0.3694 0.3550 0.3802)
(-167.1430 0.0000 0.3959 0.4057 0.3965 0.3963 0.3782 0.3639 0.3890)
(-165.7140 0.0000 0.4056 0.4153 0.4062 0.4061 0.3880 0.3739 0.3988)
(-164.2860 0.0000 0.4163 0.4259 0.4169 0.4167 0.3988 0.3847 0.4094)
(-162.8570 0.0000 0.4279 0.4374 0.4284 0.4283 0.4105 0.3965 0.4210)
(-161.4290 0.0000 0.4403 0.4498 0.4408 0.4407 0.4230 0.4091 0.4335)
(-160.0000 0.0000 0.4536 0.4630 0.4541 0.4540 0.4364 0.4226 0.4467)
(-155.0000 0.0000 0.5060 0.5151 0.5065 0.5064 0.4895 0.4761 0.4993)
(-150.0000 0.0000 0.5666 0.5752 0.5670 0.5669 0.5506 0.5378 0.5599)
(-145.0000 0.0000 0.6331 0.6413 0.6336 0.6335 0.6180 0.6058 0.6266)
(-140.0000 0.0000 0.7036 0.7112 0.7040 0.7039 0.6893 0.6778 0.6971)
(-135.0000 0.0000 0.7756 0.7826 0.7760 0.7759 0.7623 0.7516 0.7693)
(-130.0000 0.0000 0.8467 0.8531 0.8470 0.8469 0.8344 0.8246 0.8405)
(-125.0000 0.0000 0.9145 0.9202 0.9148 0.9147 0.9034 0.8945 0.9085)
(-120.0000 0.0000 0.9767 0.9817 0.9770 0.9769 0.9668 0.9589 0.9709)
(-115.0000 0.0000 1.0312 1.0354 1.0314 1.0314 1.0226 1.0157 1.0255)
(-110.0000 0.0000 1.0760 1.0794 1.0762 1.0761 1.0687 1.0629 1.0705)
(-105.0000 0.0000 1.1094 1.1120 1.1095 1.1095 1.1034 1.0987 1.1040)
(-100.0000 0.0000 1.1301 1.1318 1.1302 1.1302 1.1255 1.1220 1.1250)
(-95.0000 0.0000 1.1372 1.1381 1.1372 1.1372 1.1341 1.1317 1.1322)
(-90.0000 0.0000 1.1301 1.1301 1.1301 1.1301 1.1284 1.1272 1.1254)
(-85.0000 0.0000 1.1372 1.1381 1.1372 1.1372 1.1341 1.1317 1.1322)
(-80.0000 0.0000 1.1301 1.1318 1.1302 1.1302 1.1255 1.1220 1.1250)
(-75.0000 0.0000 1.1094 1.1120 1.1095 1.1095 1.1034 1.0987 1.1040)
(-70.0000 0.0000 1.0760 1.0794 1.0762 1.0761 1.0687 1.0629 1.0705)
(-65.0000 0.0000 1.0312 1.0354 1.0314 1.0314 1.0226 1.0157 1.0255)
(-60.0000 0.0000 0.9767 0.9817 0.9770 0.9769 0.9668 0.9589 0.9709)
(-55.0000 0.0000 0.9145 0.9202 0.9148 0.9147 0.9034 0.8945 0.9085)
(-50.0000 0.0000 0.8467 0.8531 0.8470 0.8469 0.8344 0.8246 0.8405)
(-45.0000 0.0000 0.7756 0.7826 0.7760 0.7759 0.7623 0.7516 0.7693)
(-40.0000 0.0000 0.7036 0.7112 0.7040 0.7039 0.6893 0.6778 0.6971)
(-35.0000 0.0000 0.6331 0.6413 0.6336 0.6335 0.6180 0.6058 0.6266)
(-30.0000 0.0000 0.5666 0.5752 0.5670 0.5669 0.5506 0.5378 0.5599)
(-25.0000 0.0000 0.5060 0.5151 0.5065 0.5064 0.4895 0.4761 0.4993)
(-20.0000 0.0000 0.4536 0.4630 0.4541 0.4540 0.4364 0.4226 0.4467)
(-19.2860 0.0000 0.4428 0.4516 0.4437 0.4433 0.4267 0.4139 0.4362)
(-18.5710 0.0000 0.4320 0.4402 0.4333 0.4326 0.4170 0.4052 0.4257)
(-17.8570 0.0000 0.4213 0.4289 0.4228 0.4220 0.4072 0.3964 0.4152)
(-17.1430 0.0000 0.4105 0.4175 0.4124 0.4113 0.3975 0.3877 0.4047)
(-16.4290 0.0000 0.3998 0.4062 0.4020 0.4007 0.3877 0.3789 0.3942)
(-15.7140 0.0000 0.3890 0.3948 0.3916 0.3900 0.3780 0.3702 0.3837)
(-15.0000 0.0000 0.3782 0.3835 0.3812 0.3794 0.3682 0.3615 0.3732)
(-14.2860 0.0000 0.3675 0.3721 0.3707 0.3687 0.3585 0.3527 0.3627)
(-13.5710 0.0000 0.3567 0.3608 0.3603 0.3581 0.3487 0.3440 0.3522)
(-12.8570 0.0000 0.3460 0.3494 0.3499 0.3474 0.3390 0.3353 0.3417)
(-12.1430 0.0000 0.3352 0.3381 0.3395 0.3367 0.3292 0.3265 0.3312)
(-11.4290 0.0000 0.3244 0.3267 0.3291 0.3261 0.3195 0.3178 0.3206)
(-10.0000 0.0000 0.3443 0.3451 0.3445 0.3329 0.3197 0.3189 0.3172)
(-9.0000 0.0000 0.3231 0.3271 0.3253 0.3143 0.3002 0.2979 0.2964)
(-8.0000 0.0000 0.3029 0.3101 0.3072 0.2968 0.2818 0.2781 0.2769)
(-7.0000 0.0000 0.2849 0.2896 0.2866 0.2779 0.2627 0.2599 0.2561)
(-6.0000 0.0000 0.2679 0.2697 0.2666 0.2601 0.2445 0.2426 0.2356)
(-5.0000 0.0000 0.2483 0.2533 0.2465 0.2375 0.2258 0.2239 0.2199)
(-4.0000 0.0000 0.2289 0.2342 0.2282 0.2149 0.2067 0.2047 0.2035)
(-3.0000 0.0000 0.2229 0.2292 0.2236 0.2114 0.2060 0.2036 0.2020)
(-2.0000 0.0000 0.2170 0.2243 0.2191 0.2078 0.2049 0.2021 0.2004)
(-1.0000 0.0000 0.2138 0.2240 0.2195 0.2076 0.2031 0.2009 0.1987)
(0.0000 0.0000 0.2106 0.2239 0.2200 0.2070 0.2014 0.1997 0.1970)
(1.0000 0.0000 0.2152 0.2249 0.2244 0.2051 0.2004 0.1984 0.1965)
(2.0000 0.0000 0.2229 0.2269 0.2233 0.2035 0.2007 0.1988 0.1970)
(3.0000 0.0000 0.2180 0.2240 0.2218 0.2052 0.2011 0.1994 0.1976)
(4.0000 0.0000 0.2172 0.2226 0.2199 0.2064 0.2021 0.2003 0.1984)
(5.0000 0.0000 0.2168 0.2212 0.2189 0.2084 0.2032 0.2013 0.1995)
(6.0000 0.0000 0.2168 0.2213 0.2178 0.2090 0.2045 0.2025 0.2006)
(7.0000 0.0000 0.2206 0.2232 0.2193 0.2102 0.2063 0.2040 0.2021)
(8.0000 0.0000 0.2265 0.2286 0.2243 0.2145 0.2086 0.2062 0.2046)
(9.0000 0.0000 0.2291 0.2320 0.2287 0.2194 0.2122 0.2093 0.2076)
(10.0000 0.0000 0.2323 0.2393 0.2366 0.2268 0.2158 0.2132 0.2112)
(11.0000 0.0000 0.2430 0.2551 0.2455 0.2418 0.2208 0.2177 0.2150)
(12.0000 0.0000 0.2789 0.3422 0.3344 0.3366 0.2286 0.2287 0.2375)
(13.0000 0.0000 0.3331 0.3522 0.3650 0.3561 0.2563 0.2873 0.3184)
(14.0000 0.0000 0.3563 0.4337 0.4767 0.3895 0.3094 0.3156 0.3504)
(15.0000 0.0000 0.4367 0.4524 0.4703 0.4907 0.3470 0.3487 0.3771)
(16.0000 0.0000 0.4490 0.4677 0.4861 0.5048 0.3862 0.3841 0.4497)
(17.0000 0.0000 0.4651 0.4887 0.4975 0.5081 0.4402 0.4358 0.4693)
(18.0000 0.0000 0.4820 0.5038 0.5076 0.5122 0.4900 0.4832 0.4889)
(19.0000 0.0000 0.5031 0.5223 0.5190 0.5206 0.4981 0.4875 0.5041)
(20.0000 0.0000 0.5217 0.5383 0.5288 0.5278 0.5053 0.4912 0.5175)
(25.0000 0.0000 0.6184 0.6344 0.6259 0.6260 0.6040 0.5904 0.6157)
(30.0000 0.0000 0.7234 0.7385 0.7310 0.7321 0.7109 0.6979 0.7219)
(35.0000 0.0000 0.8314 0.8454 0.8389 0.8407 0.8207 0.8083 0.8307)
(40.0000 0.0000 0.9374 0.9501 0.9446 0.9470 0.9283 0.9166 0.9374)
(45.0000 0.0000 1.0367 1.0481 1.0434 1.0462 1.0292 1.0183 1.0373)
(50.0000 0.0000 1.1248 1.1349 1.1309 1.1340 1.1188 1.1089 1.1258)
(55.0000 0.0000 1.1978 1.2065 1.2032 1.2064 1.1932 1.1842 1.1991)
(60.0000 0.0000 1.2520 1.2593 1.2566 1.2597 1.2485 1.2406 1.2533)
(65.0000 0.0000 1.2844 1.2904 1.2882 1.2910 1.2819 1.2750 1.2854)
(70.0000 0.0000 1.2928 1.2975 1.2958 1.2982 1.2909 1.2852 1.2932)
(75.0000 0.0000 1.2762 1.2797 1.2784 1.2802 1.2746 1.2700 1.2757)
(80.0000 0.0000 1.2360 1.2382 1.2372 1.2384 1.2342 1.2308 1.2339)
(85.0000 0.0000 1.1782 1.1792 1.1787 1.1791 1.1762 1.1738 1.1745)
(90.0000 0.0000 1.1301 1.1301 1.1301 1.1301 1.1284 1.1272 1.1254)
(95.0000 0.0000 1.1372 1.1381 1.1372 1.1372 1.1341 1.1317 1.1322)
(100.0000 0.0000 1.1301 1.1318 1.1302 1.1302 1.1255 1.1220 1.1250)
(105.0000 0.0000 1.1094 1.1120 1.1095 1.1095 1.1034 1.0987 1.1040)
(110.0000 0.0000 1.0760 1.0794 1.0762 1.0761 1.0687 1.0629 1.0705)
(115.0000 0.0000 1.0312 1.0354 1.0314 1.0314 1.0226 1.0157 1.0255)
(120.0000 0.0000 0.9767 0.9817 0.9770 0.9769 0.9668 0.9589 0.9709)
(125.0000 0.0000 0.9145 0.9202 0.9148 0.9147 0.9034 0.8945 0.9085)
(130.0000 0.0000 0.8467 0.8531 0.8470 0.8469 0.8344 0.8246 0.8405)
(135.0000 0.0000 0.7756 0.7826 0.7760 0.7759 0.7623 0.7516 0.7693)
(140.0000 0.0000 0.7036 0.7112 0.7040 0.7039 0.6893 0.6778 0.6971)
(145.0000 0.0000 0.6331 0.6413 0.6336 0.6335 0.6180 0.6058 0.6266)
(150.0000 0.0000 0.5666 0.5752 0.5670 0.5669 0.5506 0.5378 0.5599)
(155.0000 0.0000 0.5060 0.5151 0.5065 0.5064 0.4895 0.4761 0.4993)
(160.0000 0.0000 0.4536 0.4630 0.4541 0.4540 0.4364 0.4226 0.4467)
(161.4290 0.0000 0.4403 0.4498 0.4408 0.4407 0.4230 0.4091 0.4335)
(162.8570 0.0000 0.4279 0.4374 0.4284 0.4283 0.4105 0.3965 0.4210)
(164.2860 0.0000 0.4163 0.4259 0.4169 0.4167 0.3988 0.3847 0.4094)
(165.7140 0.0000 0.4056 0.4153 0.4062 0.4061 0.3880 0.3739 0.3988)
(167.1430 0.0000 0.3959 0.4057 0.3965 0.3963 0.3782 0.3639 0.3890)
(168.5710 0.0000 0.3871 0.3969 0.3877 0.3875 0.3694 0.3550 0.3802)
(170.0000 0.0000 0.3793 0.3892 0.3799 0.3797 0.3615 0.3471 0.3724)
(171.4290 0.0000 0.3725 0.3824 0.3731 0.3729 0.3546 0.3401 0.3656)
(172.8570 0.0000 0.3667 0.3766 0.3673 0.3672 0.3488 0.3342 0.3598)
(174.2860 0.0000 0.3620 0.3719 0.3625 0.3624 0.3440 0.3294 0.3550)
(175.7140 0.0000 0.3583 0.3682 0.3588 0.3587 0.3402 0.3256 0.3513)
(177.1430 0.0000 0.3556 0.3656 0.3562 0.3560 0.3375 0.3229 0.3486)
(178.5710 0.0000 0.3540 0.3640 0.3546 0.3544 0.3359 0.3213 0.3470)
(180.0000 0.0000 0.3535 0.3635 0.3540 0.3539 0.3354 0.3208 0.3465)
