// Drag coefficient polar, from OC6 Phase III
// alpha[deg] 
// Re = 0.0E+0 5.0E+04 6.0E+04 7.5E+04 1.0E+05 1.5E+05 1.7E+05 2.0E+05 
(-180.0000 0.0000 0.1938 0.2057 0.1945 0.1943 0.1744 0.1584 0.1912)
(-178.5710 0.0000 0.1945 0.2064 0.1952 0.1950 0.1750 0.1591 0.1919)
(-177.1430 0.0000 0.1964 0.2082 0.1971 0.1969 0.1769 0.1610 0.1938)
(-175.7140 0.0000 0.1995 0.2114 0.2002 0.2000 0.1801 0.1642 0.1969)
(-174.2860 0.0000 0.2040 0.2158 0.2046 0.2045 0.1846 0.1687 0.2014)
(-172.8570 0.0000 0.2096 0.2214 0.2103 0.2101 0.1903 0.1745 0.2070)
(-171.4290 0.0000 0.2165 0.2282 0.2172 0.2170 0.1972 0.1815 0.2139)
(-170.0000 0.0000 0.2246 0.2363 0.2252 0.2251 0.2054 0.1897 0.2220)
(-168.5710 0.0000 0.2339 0.2455 0.2345 0.2343 0.2148 0.1992 0.2313)
(-167.1430 0.0000 0.2443 0.2559 0.2450 0.2448 0.2253 0.2098 0.2417)
(-165.7140 0.0000 0.2559 0.2674 0.2565 0.2563 0.2370 0.2216 0.2533)
(-164.2860 0.0000 0.2685 0.2800 0.2692 0.2690 0.2498 0.2345 0.2660)
(-162.8570 0.0000 0.2823 0.2936 0.2829 0.2828 0.2637 0.2484 0.2798)
(-161.4290 0.0000 0.2971 0.3083 0.2977 0.2975 0.2786 0.2635 0.2946)
(-160.0000 0.0000 0.3128 0.3240 0.3135 0.3133 0.2945 0.2795 0.3104)
(-155.0000 0.0000 0.3752 0.3859 0.3758 0.3756 0.3575 0.3431 0.3728)
(-150.0000 0.0000 0.4471 0.4574 0.4477 0.4475 0.4302 0.4164 0.4449)
(-145.0000 0.0000 0.5263 0.5360 0.5268 0.5267 0.5103 0.4972 0.5241)
(-140.0000 0.0000 0.6100 0.6191 0.6105 0.6104 0.5951 0.5829 0.6080)
(-135.0000 0.0000 0.6955 0.7039 0.6960 0.6959 0.6818 0.6705 0.6937)
(-130.0000 0.0000 0.7800 0.7877 0.7805 0.7804 0.7675 0.7573 0.7784)
(-125.0000 0.0000 0.8607 0.8675 0.8611 0.8610 0.8495 0.8404 0.8592)
(-120.0000 0.0000 0.9346 0.9406 0.9350 0.9349 0.9249 0.9169 0.9333)
(-115.0000 0.0000 0.9994 1.0044 0.9997 0.9996 0.9911 0.9844 0.9983)
(-110.0000 0.0000 1.0526 1.0566 1.0528 1.0528 1.0459 1.0405 1.0517)
(-105.0000 0.0000 1.0923 1.0954 1.0925 1.0924 1.0872 1.0831 1.0916)
(-100.0000 0.0000 1.1169 1.1190 1.1170 1.1170 1.1135 1.1108 1.1165)
(-95.0000 0.0000 1.1253 1.1264 1.1254 1.1254 1.1236 1.1223 1.1251)
(-90.0000 0.0000 1.1169 1.1169 1.1169 1.1169 1.1169 1.1169 1.1169)
(-85.0000 0.0000 1.1253 1.1264 1.1254 1.1254 1.1236 1.1223 1.1251)
(-80.0000 0.0000 1.1169 1.1190 1.1170 1.1170 1.1135 1.1108 1.1165)
(-75.0000 0.0000 1.0923 1.0954 1.0925 1.0924 1.0872 1.0831 1.0916)
(-70.0000 0.0000 1.0526 1.0566 1.0528 1.0528 1.0459 1.0405 1.0517)
(-65.0000 0.0000 0.9994 1.0044 0.9997 0.9996 0.9911 0.9844 0.9983)
(-60.0000 0.0000 0.9346 0.9406 0.9350 0.9349 0.9249 0.9169 0.9333)
(-55.0000 0.0000 0.8607 0.8675 0.8611 0.8610 0.8495 0.8404 0.8592)
(-50.0000 0.0000 0.7800 0.7877 0.7805 0.7804 0.7675 0.7573 0.7784)
(-45.0000 0.0000 0.6955 0.7039 0.6960 0.6959 0.6818 0.6705 0.6937)
(-40.0000 0.0000 0.6100 0.6191 0.6105 0.6104 0.5951 0.5829 0.6080)
(-35.0000 0.0000 0.5263 0.5360 0.5268 0.5267 0.5103 0.4972 0.5241)
(-30.0000 0.0000 0.4471 0.4574 0.4477 0.4475 0.4302 0.4164 0.4449)
(-25.0000 0.0000 0.3752 0.3859 0.3758 0.3756 0.3575 0.3431 0.3728)
(-20.0000 0.0000 0.3128 0.3240 0.3135 0.3133 0.2945 0.2795 0.3104)
(-19.2860 0.0000 0.3000 0.3105 0.3011 0.3006 0.2829 0.2692 0.2979)
(-18.5710 0.0000 0.2872 0.2970 0.2887 0.2880 0.2713 0.2588 0.2854)
(-17.8570 0.0000 0.2744 0.2835 0.2763 0.2753 0.2597 0.2484 0.2729)
(-17.1430 0.0000 0.2617 0.2700 0.2639 0.2626 0.2482 0.2380 0.2604)
(-16.4290 0.0000 0.2489 0.2565 0.2515 0.2500 0.2366 0.2276 0.2479)
(-15.7140 0.0000 0.2361 0.2430 0.2392 0.2373 0.2250 0.2172 0.2354)
(-15.0000 0.0000 0.2233 0.2295 0.2268 0.2246 0.2134 0.2068 0.2229)
(-14.2860 0.0000 0.2105 0.2160 0.2144 0.2120 0.2018 0.1965 0.2105)
(-13.5710 0.0000 0.1977 0.2025 0.2020 0.1993 0.1902 0.1861 0.1980)
(-12.8570 0.0000 0.1849 0.1890 0.1896 0.1866 0.1787 0.1757 0.1855)
(-12.1430 0.0000 0.1721 0.1755 0.1772 0.1740 0.1671 0.1653 0.1730)
(-11.4290 0.0000 0.1594 0.1620 0.1649 0.1613 0.1555 0.1549 0.1605)
(-10.0000 0.0000 0.1921 0.1930 0.1912 0.1757 0.1601 0.1603 0.1602)
(-9.0000 0.0000 0.1645 0.1692 0.1662 0.1512 0.1346 0.1330 0.1332)
(-8.0000 0.0000 0.1385 0.1470 0.1426 0.1283 0.1108 0.1075 0.1079)
(-7.0000 0.0000 0.1155 0.1208 0.1163 0.1044 0.0866 0.0845 0.0822)
(-6.0000 0.0000 0.0938 0.0955 0.0911 0.0818 0.0638 0.0628 0.0571)
(-5.0000 0.0000 0.0701 0.0756 0.0670 0.0551 0.0424 0.0417 0.0394)
(-4.0000 0.0000 0.0467 0.0528 0.0451 0.0284 0.0203 0.0196 0.0207)
(-3.0000 0.0000 0.0393 0.0466 0.0396 0.0244 0.0202 0.0189 0.0193)
(-2.0000 0.0000 0.0321 0.0406 0.0342 0.0203 0.0194 0.0176 0.0176)
(-1.0000 0.0000 0.0280 0.0401 0.0347 0.0203 0.0172 0.0160 0.0156)
(0.0000 0.0000 0.0240 0.0398 0.0352 0.0198 0.0151 0.0145 0.0136)
(1.0000 0.0000 0.0294 0.0411 0.0406 0.0175 0.0140 0.0131 0.0130)
(2.0000 0.0000 0.0387 0.0437 0.0393 0.0154 0.0143 0.0135 0.0135)
(3.0000 0.0000 0.0330 0.0401 0.0375 0.0175 0.0148 0.0142 0.0142)
(4.0000 0.0000 0.0320 0.0384 0.0352 0.0189 0.0159 0.0153 0.0152)
(5.0000 0.0000 0.0314 0.0366 0.0339 0.0213 0.0172 0.0165 0.0165)
(6.0000 0.0000 0.0315 0.0367 0.0325 0.0221 0.0189 0.0179 0.0179)
(7.0000 0.0000 0.0359 0.0390 0.0344 0.0236 0.0209 0.0197 0.0196)
(8.0000 0.0000 0.0431 0.0455 0.0405 0.0288 0.0237 0.0223 0.0226)
(9.0000 0.0000 0.0463 0.0497 0.0459 0.0349 0.0281 0.0260 0.0262)
(10.0000 0.0000 0.0504 0.0586 0.0556 0.0440 0.0325 0.0309 0.0306)
(11.0000 0.0000 0.0635 0.0779 0.0665 0.0624 0.0389 0.0365 0.0355)
(12.0000 0.0000 0.1073 0.1829 0.1739 0.1766 0.0489 0.0504 0.0632)
(13.0000 0.0000 0.1731 0.1960 0.2112 0.2010 0.0832 0.1216 0.1611)
(14.0000 0.0000 0.2020 0.2954 0.3462 0.2422 0.1480 0.1568 0.2008)
(15.0000 0.0000 0.2991 0.3193 0.3403 0.3641 0.1943 0.1978 0.2341)
(16.0000 0.0000 0.3153 0.3391 0.3607 0.3825 0.2425 0.2414 0.3220)
(17.0000 0.0000 0.3361 0.3657 0.3760 0.3881 0.3084 0.3046 0.3470)
(18.0000 0.0000 0.3579 0.3855 0.3897 0.3950 0.3694 0.3627 0.3722)
(19.0000 0.0000 0.3849 0.4093 0.4051 0.4069 0.3810 0.3698 0.3922)
(20.0000 0.0000 0.4089 0.4302 0.4187 0.4174 0.3915 0.3762 0.4101)
(25.0000 0.0000 0.5335 0.5541 0.5440 0.5442 0.5190 0.5042 0.5369)
(30.0000 0.0000 0.6681 0.6875 0.6788 0.6803 0.6561 0.6420 0.6731)
(35.0000 0.0000 0.8056 0.8236 0.8161 0.8188 0.7959 0.7826 0.8118)
(40.0000 0.0000 0.9395 0.9558 0.9495 0.9530 0.9319 0.9194 0.9466)
(45.0000 0.0000 1.0635 1.0781 1.0728 1.0769 1.0579 1.0464 1.0714)
(50.0000 0.0000 1.1721 1.1848 1.1805 1.1850 1.1683 1.1579 1.1805)
(55.0000 0.0000 1.2599 1.2709 1.2674 1.2720 1.2579 1.2486 1.2687)
(60.0000 0.0000 1.3225 1.3318 1.3290 1.3334 1.3219 1.3139 1.3313)
(65.0000 0.0000 1.3561 1.3637 1.3615 1.3655 1.3566 1.3499 1.3645)
(70.0000 0.0000 1.3581 1.3640 1.3623 1.3657 1.3591 1.3538 1.3656)
(75.0000 0.0000 1.3275 1.3317 1.3305 1.3330 1.3285 1.3245 1.3335)
(80.0000 0.0000 1.2661 1.2688 1.2679 1.2695 1.2667 1.2641 1.2700)
(85.0000 0.0000 1.1831 1.1844 1.1838 1.1844 1.1830 1.1817 1.1846)
(90.0000 0.0000 1.1169 1.1169 1.1169 1.1169 1.1169 1.1169 1.1169)
(95.0000 0.0000 1.1253 1.1264 1.1254 1.1254 1.1236 1.1223 1.1251)
(100.0000 0.0000 1.1169 1.1190 1.1170 1.1170 1.1135 1.1108 1.1165)
(105.0000 0.0000 1.0923 1.0954 1.0925 1.0924 1.0872 1.0831 1.0916)
(110.0000 0.0000 1.0526 1.0566 1.0528 1.0528 1.0459 1.0405 1.0517)
(115.0000 0.0000 0.9994 1.0044 0.9997 0.9996 0.9911 0.9844 0.9983)
(120.0000 0.0000 0.9346 0.9406 0.9350 0.9349 0.9249 0.9169 0.9333)
(125.0000 0.0000 0.8607 0.8675 0.8611 0.8610 0.8495 0.8404 0.8592)
(130.0000 0.0000 0.7800 0.7877 0.7805 0.7804 0.7675 0.7573 0.7784)
(135.0000 0.0000 0.6955 0.7039 0.6960 0.6959 0.6818 0.6705 0.6937)
(140.0000 0.0000 0.6100 0.6191 0.6105 0.6104 0.5951 0.5829 0.6080)
(145.0000 0.0000 0.5263 0.5360 0.5268 0.5267 0.5103 0.4972 0.5241)
(150.0000 0.0000 0.4471 0.4574 0.4477 0.4475 0.4302 0.4164 0.4449)
(155.0000 0.0000 0.3752 0.3859 0.3758 0.3756 0.3575 0.3431 0.3728)
(160.0000 0.0000 0.3128 0.3240 0.3135 0.3133 0.2945 0.2795 0.3104)
(161.4290 0.0000 0.2971 0.3083 0.2977 0.2975 0.2786 0.2635 0.2946)
(162.8570 0.0000 0.2823 0.2936 0.2829 0.2828 0.2637 0.2484 0.2798)
(164.2860 0.0000 0.2685 0.2800 0.2692 0.2690 0.2498 0.2345 0.2660)
(165.7140 0.0000 0.2559 0.2674 0.2565 0.2563 0.2370 0.2216 0.2533)
(167.1430 0.0000 0.2443 0.2559 0.2450 0.2448 0.2253 0.2098 0.2417)
(168.5710 0.0000 0.2339 0.2455 0.2345 0.2343 0.2148 0.1992 0.2313)
(170.0000 0.0000 0.2246 0.2363 0.2252 0.2251 0.2054 0.1897 0.2220)
(171.4290 0.0000 0.2165 0.2282 0.2172 0.2170 0.1972 0.1815 0.2139)
(172.8570 0.0000 0.2096 0.2214 0.2103 0.2101 0.1903 0.1745 0.2070)
(174.2860 0.0000 0.2040 0.2158 0.2046 0.2045 0.1846 0.1687 0.2014)
(175.7140 0.0000 0.1995 0.2114 0.2002 0.2000 0.1801 0.1642 0.1969)
(177.1430 0.0000 0.1964 0.2082 0.1971 0.1969 0.1769 0.1610 0.1938)
(178.5710 0.0000 0.1945 0.2064 0.1952 0.1950 0.1750 0.1591 0.1919)
(180.0000 0.0000 0.1938 0.2057 0.1945 0.1943 0.1744 0.1584 0.1912)
