// Drag coefficient polar, from OC6 Phase III
// alpha[deg] 
// Re = 0.0E+0 5.0E+04 6.0E+04 7.5E+04 1.0E+05 1.5E+05 1.7E+05 2.0E+05 
(-180.0000 0.0000 0.1938 0.2057 0.1945 0.1943 0.1744 0.1584 0.1912)
(-178.5710 0.0000 0.1945 0.2064 0.1952 0.1950 0.1750 0.1591 0.1919)
(-177.1430 0.0000 0.1964 0.2082 0.1971 0.1969 0.1769 0.1610 0.1938)
(-175.7140 0.0000 0.1995 0.2114 0.2002 0.2000 0.1801 0.1642 0.1969)
(-174.2860 0.0000 0.2040 0.2158 0.2046 0.2045 0.1846 0.1687 0.2014)
(-172.8570 0.0000 0.2096 0.2214 0.2103 0.2101 0.1903 0.1745 0.2070)
(-171.4290 0.0000 0.2165 0.2282 0.2172 0.2170 0.1972 0.1815 0.2139)
(-170.0000 0.0000 0.2246 0.2363 0.2252 0.2251 0.2054 0.1897 0.2220)
(-168.5710 0.0000 0.2339 0.2455 0.2345 0.2343 0.2148 0.1992 0.2313)
(-167.1430 0.0000 0.2443 0.2559 0.2450 0.2448 0.2253 0.2098 0.2417)
(-165.7140 0.0000 0.2559 0.2674 0.2565 0.2563 0.2370 0.2216 0.2533)
(-164.2860 0.0000 0.2685 0.2800 0.2692 0.2690 0.2498 0.2345 0.2660)
(-162.8570 0.0000 0.2823 0.2936 0.2829 0.2828 0.2637 0.2484 0.2798)
(-161.4290 0.0000 0.2971 0.3083 0.2977 0.2975 0.2786 0.2635 0.2946)
(-160.0000 0.0000 0.3128 0.3240 0.3135 0.3133 0.2945 0.2795 0.3104)
(-155.0000 0.0000 0.3752 0.3859 0.3758 0.3756 0.3575 0.3431 0.3728)
(-150.0000 0.0000 0.4471 0.4574 0.4477 0.4475 0.4302 0.4164 0.4449)
(-145.0000 0.0000 0.5263 0.5360 0.5268 0.5267 0.5103 0.4972 0.5241)
(-140.0000 0.0000 0.6100 0.6191 0.6105 0.6104 0.5951 0.5829 0.6080)
(-135.0000 0.0000 0.6955 0.7039 0.6960 0.6959 0.6818 0.6705 0.6937)
(-130.0000 0.0000 0.7800 0.7877 0.7805 0.7804 0.7675 0.7573 0.7784)
(-125.0000 0.0000 0.8607 0.8675 0.8611 0.8610 0.8495 0.8404 0.8592)
(-120.0000 0.0000 0.9346 0.9406 0.9350 0.9349 0.9249 0.9169 0.9333)
(-115.0000 0.0000 0.9994 1.0044 0.9997 0.9996 0.9911 0.9844 0.9983)
(-110.0000 0.0000 1.0526 1.0566 1.0528 1.0528 1.0459 1.0405 1.0517)
(-105.0000 0.0000 1.0923 1.0954 1.0925 1.0924 1.0872 1.0831 1.0916)
(-100.0000 0.0000 1.1169 1.1190 1.1170 1.1170 1.1135 1.1108 1.1165)
(-95.0000 0.0000 1.1253 1.1264 1.1254 1.1254 1.1236 1.1223 1.1251)
(-90.0000 0.0000 1.1169 1.1169 1.1169 1.1169 1.1169 1.1169 1.1169)
(-85.0000 0.0000 1.1253 1.1264 1.1254 1.1254 1.1236 1.1223 1.1251)
(-80.0000 0.0000 1.1169 1.1190 1.1170 1.1170 1.1135 1.1108 1.1165)
(-75.0000 0.0000 1.0923 1.0954 1.0925 1.0924 1.0872 1.0831 1.0916)
(-70.0000 0.0000 1.0526 1.0566 1.0528 1.0528 1.0459 1.0405 1.0517)
(-65.0000 0.0000 0.9994 1.0044 0.9997 0.9996 0.9911 0.9844 0.9983)
(-60.0000 0.0000 0.9346 0.9406 0.9350 0.9349 0.9249 0.9169 0.9333)
(-55.0000 0.0000 0.8607 0.8675 0.8611 0.8610 0.8495 0.8404 0.8592)
(-50.0000 0.0000 0.7800 0.7877 0.7805 0.7804 0.7675 0.7573 0.7784)
(-45.0000 0.0000 0.6955 0.7039 0.6960 0.6959 0.6818 0.6705 0.6937)
(-40.0000 0.0000 0.6100 0.6191 0.6105 0.6104 0.5951 0.5829 0.6080)
(-35.0000 0.0000 0.5263 0.5360 0.5268 0.5267 0.5103 0.4972 0.5241)
(-30.0000 0.0000 0.4471 0.4574 0.4477 0.4475 0.4302 0.4164 0.4449)
(-25.0000 0.0000 0.3752 0.3859 0.3758 0.3756 0.3575 0.3431 0.3728)
(-20.0000 0.0000 0.3128 0.3240 0.3135 0.3133 0.2945 0.2795 0.3104)
(-19.2860 0.0000 0.3000 0.3105 0.3011 0.3006 0.2829 0.2692 0.2979)
(-18.5710 0.0000 0.2872 0.2970 0.2887 0.2880 0.2713 0.2588 0.2854)
(-17.8570 0.0000 0.2744 0.2835 0.2763 0.2753 0.2597 0.2484 0.2729)
(-17.1430 0.0000 0.2617 0.2700 0.2639 0.2626 0.2482 0.2380 0.2604)
(-16.4290 0.0000 0.2489 0.2565 0.2515 0.2500 0.2366 0.2276 0.2479)
(-15.7140 0.0000 0.2361 0.2430 0.2392 0.2373 0.2250 0.2172 0.2354)
(-15.0000 0.0000 0.2233 0.2295 0.2268 0.2246 0.2134 0.2068 0.2229)
(-14.2860 0.0000 0.2105 0.2160 0.2144 0.2120 0.2018 0.1965 0.2105)
(-13.5710 0.0000 0.1977 0.2025 0.2020 0.1993 0.1902 0.1861 0.1980)
(-12.8570 0.0000 0.1849 0.1890 0.1896 0.1866 0.1787 0.1757 0.1855)
(-12.1430 0.0000 0.1721 0.1755 0.1772 0.1740 0.1671 0.1653 0.1730)
(-11.4290 0.0000 0.1594 0.1620 0.1649 0.1613 0.1555 0.1549 0.1605)
(-10.0000 0.0000 0.1188 0.1202 0.1270 0.1258 0.1252 0.1274 0.1292)
(-9.0000 0.0000 0.1097 0.1150 0.1197 0.1196 0.1182 0.1188 0.1210)
(-8.0000 0.0000 0.1003 0.1094 0.1120 0.1131 0.1107 0.1097 0.1125)
(-7.0000 0.0000 0.0909 0.0979 0.1002 0.1019 0.0979 0.0971 0.0946)
(-6.0000 0.0000 0.0811 0.0855 0.0876 0.0904 0.0848 0.0842 0.0755)
(-5.0000 0.0000 0.0603 0.0684 0.0649 0.0626 0.0568 0.0551 0.0500)
(-4.0000 0.0000 0.0395 0.0473 0.0437 0.0348 0.0290 0.0263 0.0246)
(-3.0000 0.0000 0.0341 0.0427 0.0389 0.0293 0.0238 0.0214 0.0210)
(-2.0000 0.0000 0.0286 0.0380 0.0339 0.0237 0.0189 0.0167 0.0174)
(-1.0000 0.0000 0.0262 0.0390 0.0346 0.0217 0.0170 0.0156 0.0155)
(0.0000 0.0000 0.0240 0.0398 0.0352 0.0198 0.0151 0.0145 0.0136)
(1.0000 0.0000 0.0300 0.0411 0.0393 0.0179 0.0138 0.0128 0.0128)
(2.0000 0.0000 0.0389 0.0418 0.0381 0.0164 0.0142 0.0134 0.0134)
(3.0000 0.0000 0.0317 0.0387 0.0368 0.0184 0.0148 0.0142 0.0142)
(4.0000 0.0000 0.0309 0.0376 0.0351 0.0200 0.0158 0.0150 0.0152)
(5.0000 0.0000 0.0310 0.0364 0.0341 0.0223 0.0172 0.0163 0.0164)
(6.0000 0.0000 0.0314 0.0368 0.0328 0.0226 0.0189 0.0178 0.0179)
(7.0000 0.0000 0.0359 0.0390 0.0343 0.0235 0.0209 0.0197 0.0196)
(8.0000 0.0000 0.0425 0.0448 0.0395 0.0275 0.0234 0.0222 0.0224)
(9.0000 0.0000 0.0445 0.0476 0.0433 0.0318 0.0270 0.0253 0.0254)
(10.0000 0.0000 0.0465 0.0544 0.0507 0.0384 0.0300 0.0287 0.0285)
(11.0000 0.0000 0.0563 0.0703 0.0581 0.0522 0.0335 0.0314 0.0303)
(12.0000 0.0000 0.0900 0.1635 0.1522 0.1542 0.0376 0.0388 0.0507)
(13.0000 0.0000 0.1452 0.1669 0.1817 0.1688 0.0612 0.0980 0.1350)
(14.0000 0.0000 0.1632 0.2457 0.2987 0.1979 0.1116 0.1207 0.1614)
(15.0000 0.0000 0.2479 0.2562 0.2795 0.3066 0.1452 0.1491 0.1818)
(16.0000 0.0000 0.2518 0.2632 0.2871 0.3118 0.1806 0.1799 0.2567)
(17.0000 0.0000 0.2592 0.2763 0.2886 0.3034 0.2326 0.2292 0.2679)
(18.0000 0.0000 0.2670 0.2818 0.2878 0.2954 0.2788 0.2725 0.2781)
(19.0000 0.0000 0.2791 0.2908 0.2881 0.2917 0.2747 0.2639 0.2826)
(20.0000 0.0000 0.2881 0.2967 0.2864 0.2865 0.2696 0.2547 0.2847)
(25.0000 0.0000 0.3345 0.3427 0.3326 0.3323 0.3160 0.3017 0.3307)
(30.0000 0.0000 0.3903 0.3983 0.3883 0.3877 0.3722 0.3585 0.3862)
(35.0000 0.0000 0.4545 0.4621 0.4525 0.4516 0.4369 0.4239 0.4502)
(40.0000 0.0000 0.5253 0.5326 0.5234 0.5223 0.5085 0.4964 0.5210)
(45.0000 0.0000 0.6010 0.6078 0.5992 0.5980 0.5851 0.5739 0.5966)
(50.0000 0.0000 0.6793 0.6856 0.6777 0.6764 0.6645 0.6544 0.6750)
(55.0000 0.0000 0.7581 0.7638 0.7566 0.7553 0.7446 0.7355 0.7539)
(60.0000 0.0000 0.8350 0.8401 0.8337 0.8325 0.8229 0.8149 0.8311)
(65.0000 0.0000 0.9077 0.9121 0.9067 0.9056 0.8972 0.8905 0.9042)
(70.0000 0.0000 0.9741 0.9777 0.9733 0.9723 0.9654 0.9600 0.9710)
(75.0000 0.0000 1.0319 1.0346 1.0313 1.0306 1.0252 1.0211 1.0295)
(80.0000 0.0000 1.0786 1.0805 1.0783 1.0778 1.0742 1.0714 1.0770)
(85.0000 0.0000 1.1105 1.1115 1.1104 1.1102 1.1084 1.1070 1.1098)
(90.0000 0.0000 1.1169 1.1169 1.1169 1.1169 1.1169 1.1169 1.1169)
(95.0000 0.0000 1.1253 1.1264 1.1254 1.1254 1.1236 1.1223 1.1251)
(100.0000 0.0000 1.1169 1.1190 1.1170 1.1170 1.1135 1.1108 1.1165)
(105.0000 0.0000 1.0923 1.0954 1.0925 1.0924 1.0872 1.0831 1.0916)
(110.0000 0.0000 1.0526 1.0566 1.0528 1.0528 1.0459 1.0405 1.0517)
(115.0000 0.0000 0.9994 1.0044 0.9997 0.9996 0.9911 0.9844 0.9983)
(120.0000 0.0000 0.9346 0.9406 0.9350 0.9349 0.9249 0.9169 0.9333)
(125.0000 0.0000 0.8607 0.8675 0.8611 0.8610 0.8495 0.8404 0.8592)
(130.0000 0.0000 0.7800 0.7877 0.7805 0.7804 0.7675 0.7573 0.7784)
(135.0000 0.0000 0.6955 0.7039 0.6960 0.6959 0.6818 0.6705 0.6937)
(140.0000 0.0000 0.6100 0.6191 0.6105 0.6104 0.5951 0.5829 0.6080)
(145.0000 0.0000 0.5263 0.5360 0.5268 0.5267 0.5103 0.4972 0.5241)
(150.0000 0.0000 0.4471 0.4574 0.4477 0.4475 0.4302 0.4164 0.4449)
(155.0000 0.0000 0.3752 0.3859 0.3758 0.3756 0.3575 0.3431 0.3728)
(160.0000 0.0000 0.3128 0.3240 0.3135 0.3133 0.2945 0.2795 0.3104)
(161.4290 0.0000 0.2971 0.3083 0.2977 0.2975 0.2786 0.2635 0.2946)
(162.8570 0.0000 0.2823 0.2936 0.2829 0.2828 0.2637 0.2484 0.2798)
(164.2860 0.0000 0.2685 0.2800 0.2692 0.2690 0.2498 0.2345 0.2660)
(165.7140 0.0000 0.2559 0.2674 0.2565 0.2563 0.2370 0.2216 0.2533)
(167.1430 0.0000 0.2443 0.2559 0.2450 0.2448 0.2253 0.2098 0.2417)
(168.5710 0.0000 0.2339 0.2455 0.2345 0.2343 0.2148 0.1992 0.2313)
(170.0000 0.0000 0.2246 0.2363 0.2252 0.2251 0.2054 0.1897 0.2220)
(171.4290 0.0000 0.2165 0.2282 0.2172 0.2170 0.1972 0.1815 0.2139)
(172.8570 0.0000 0.2096 0.2214 0.2103 0.2101 0.1903 0.1745 0.2070)
(174.2860 0.0000 0.2040 0.2158 0.2046 0.2045 0.1846 0.1687 0.2014)
(175.7140 0.0000 0.1995 0.2114 0.2002 0.2000 0.1801 0.1642 0.1969)
(177.1430 0.0000 0.1964 0.2082 0.1971 0.1969 0.1769 0.1610 0.1938)
(178.5710 0.0000 0.1945 0.2064 0.1952 0.1950 0.1750 0.1591 0.1919)
(180.0000 0.0000 0.1938 0.2057 0.1945 0.1943 0.1744 0.1584 0.1912)
