// Drag coefficient polar, from OC6 Phase III
// alpha[deg] 
// Re = 0.0E+0 5.0E+04 6.0E+04 7.5E+04 1.0E+05 1.5E+05 1.7E+05 2.0E+05 
(-180.0000 0.0000 0.1938 0.2057 0.1945 0.1943 0.1744 0.1584 0.1912)
(-178.5710 0.0000 0.1945 0.2064 0.1952 0.1950 0.1750 0.1591 0.1919)
(-177.1430 0.0000 0.1964 0.2082 0.1971 0.1969 0.1769 0.1610 0.1938)
(-175.7140 0.0000 0.1995 0.2114 0.2002 0.2000 0.1801 0.1642 0.1969)
(-174.2860 0.0000 0.2040 0.2158 0.2046 0.2045 0.1846 0.1687 0.2014)
(-172.8570 0.0000 0.2096 0.2214 0.2103 0.2101 0.1903 0.1745 0.2070)
(-171.4290 0.0000 0.2165 0.2282 0.2172 0.2170 0.1972 0.1815 0.2139)
(-170.0000 0.0000 0.2246 0.2363 0.2252 0.2251 0.2054 0.1897 0.2220)
(-168.5710 0.0000 0.2339 0.2455 0.2345 0.2343 0.2148 0.1992 0.2313)
(-167.1430 0.0000 0.2443 0.2559 0.2450 0.2448 0.2253 0.2098 0.2417)
(-165.7140 0.0000 0.2559 0.2674 0.2565 0.2563 0.2370 0.2216 0.2533)
(-164.2860 0.0000 0.2685 0.2800 0.2692 0.2690 0.2498 0.2345 0.2660)
(-162.8570 0.0000 0.2823 0.2936 0.2829 0.2828 0.2637 0.2484 0.2798)
(-161.4290 0.0000 0.2971 0.3083 0.2977 0.2975 0.2786 0.2635 0.2946)
(-160.0000 0.0000 0.3128 0.3240 0.3135 0.3133 0.2945 0.2795 0.3104)
(-155.0000 0.0000 0.3752 0.3859 0.3758 0.3756 0.3575 0.3431 0.3728)
(-150.0000 0.0000 0.4471 0.4574 0.4477 0.4475 0.4302 0.4164 0.4449)
(-145.0000 0.0000 0.5263 0.5360 0.5268 0.5267 0.5103 0.4972 0.5241)
(-140.0000 0.0000 0.6100 0.6191 0.6105 0.6104 0.5951 0.5829 0.6080)
(-135.0000 0.0000 0.6955 0.7039 0.6960 0.6959 0.6818 0.6705 0.6937)
(-130.0000 0.0000 0.7800 0.7877 0.7805 0.7804 0.7675 0.7573 0.7784)
(-125.0000 0.0000 0.8607 0.8675 0.8611 0.8610 0.8495 0.8404 0.8592)
(-120.0000 0.0000 0.9346 0.9406 0.9350 0.9349 0.9249 0.9169 0.9333)
(-115.0000 0.0000 0.9994 1.0044 0.9997 0.9996 0.9911 0.9844 0.9983)
(-110.0000 0.0000 1.0526 1.0566 1.0528 1.0528 1.0459 1.0405 1.0517)
(-105.0000 0.0000 1.0923 1.0954 1.0925 1.0924 1.0872 1.0831 1.0916)
(-100.0000 0.0000 1.1169 1.1190 1.1170 1.1170 1.1135 1.1108 1.1165)
(-95.0000 0.0000 1.1253 1.1264 1.1254 1.1254 1.1236 1.1223 1.1251)
(-90.0000 0.0000 1.1169 1.1169 1.1169 1.1169 1.1169 1.1169 1.1169)
(-85.0000 0.0000 1.1253 1.1264 1.1254 1.1254 1.1236 1.1223 1.1251)
(-80.0000 0.0000 1.1169 1.1190 1.1170 1.1170 1.1135 1.1108 1.1165)
(-75.0000 0.0000 1.0923 1.0954 1.0925 1.0924 1.0872 1.0831 1.0916)
(-70.0000 0.0000 1.0526 1.0566 1.0528 1.0528 1.0459 1.0405 1.0517)
(-65.0000 0.0000 0.9994 1.0044 0.9997 0.9996 0.9911 0.9844 0.9983)
(-60.0000 0.0000 0.9346 0.9406 0.9350 0.9349 0.9249 0.9169 0.9333)
(-55.0000 0.0000 0.8607 0.8675 0.8611 0.8610 0.8495 0.8404 0.8592)
(-50.0000 0.0000 0.7800 0.7877 0.7805 0.7804 0.7675 0.7573 0.7784)
(-45.0000 0.0000 0.6955 0.7039 0.6960 0.6959 0.6818 0.6705 0.6937)
(-40.0000 0.0000 0.6100 0.6191 0.6105 0.6104 0.5951 0.5829 0.6080)
(-35.0000 0.0000 0.5263 0.5360 0.5268 0.5267 0.5103 0.4972 0.5241)
(-30.0000 0.0000 0.4471 0.4574 0.4477 0.4475 0.4302 0.4164 0.4449)
(-25.0000 0.0000 0.3752 0.3859 0.3758 0.3756 0.3575 0.3431 0.3728)
(-20.0000 0.0000 0.3128 0.3240 0.3135 0.3133 0.2945 0.2795 0.3104)
(-19.2860 0.0000 0.3000 0.3105 0.3011 0.3006 0.2829 0.2692 0.2979)
(-18.5710 0.0000 0.2872 0.2970 0.2887 0.2880 0.2713 0.2588 0.2854)
(-17.8570 0.0000 0.2744 0.2835 0.2763 0.2753 0.2597 0.2484 0.2729)
(-17.1430 0.0000 0.2617 0.2700 0.2639 0.2626 0.2482 0.2380 0.2604)
(-16.4290 0.0000 0.2489 0.2565 0.2515 0.2500 0.2366 0.2276 0.2479)
(-15.7140 0.0000 0.2361 0.2430 0.2392 0.2373 0.2250 0.2172 0.2354)
(-15.0000 0.0000 0.2233 0.2295 0.2268 0.2246 0.2134 0.2068 0.2229)
(-14.2860 0.0000 0.2105 0.2160 0.2144 0.2120 0.2018 0.1965 0.2105)
(-13.5710 0.0000 0.1977 0.2025 0.2020 0.1993 0.1902 0.1861 0.1980)
(-12.8570 0.0000 0.1849 0.1890 0.1896 0.1866 0.1787 0.1757 0.1855)
(-12.1430 0.0000 0.1721 0.1755 0.1772 0.1740 0.1671 0.1653 0.1730)
(-11.4290 0.0000 0.1594 0.1620 0.1649 0.1613 0.1555 0.1549 0.1605)
(-10.0000 0.0000 0.1308 0.1321 0.1375 0.1339 0.1309 0.1328 0.1342)
(-9.0000 0.0000 0.1187 0.1239 0.1273 0.1248 0.1208 0.1211 0.1229)
(-8.0000 0.0000 0.1066 0.1156 0.1170 0.1156 0.1107 0.1093 0.1118)
(-7.0000 0.0000 0.0949 0.1017 0.1029 0.1023 0.0961 0.0950 0.0926)
(-6.0000 0.0000 0.0831 0.0871 0.0882 0.0890 0.0814 0.0807 0.0725)
(-5.0000 0.0000 0.0619 0.0696 0.0653 0.0614 0.0544 0.0529 0.0482)
(-4.0000 0.0000 0.0406 0.0482 0.0440 0.0337 0.0275 0.0252 0.0240)
(-3.0000 0.0000 0.0349 0.0433 0.0390 0.0285 0.0232 0.0210 0.0207)
(-2.0000 0.0000 0.0292 0.0385 0.0340 0.0232 0.0190 0.0169 0.0174)
(-1.0000 0.0000 0.0265 0.0391 0.0346 0.0215 0.0170 0.0157 0.0155)
(0.0000 0.0000 0.0240 0.0398 0.0352 0.0198 0.0151 0.0145 0.0136)
(1.0000 0.0000 0.0299 0.0411 0.0395 0.0178 0.0138 0.0129 0.0128)
(2.0000 0.0000 0.0388 0.0421 0.0383 0.0162 0.0142 0.0134 0.0135)
(3.0000 0.0000 0.0319 0.0389 0.0369 0.0183 0.0148 0.0142 0.0142)
(4.0000 0.0000 0.0311 0.0377 0.0351 0.0198 0.0158 0.0150 0.0152)
(5.0000 0.0000 0.0311 0.0364 0.0341 0.0221 0.0172 0.0163 0.0164)
(6.0000 0.0000 0.0314 0.0368 0.0328 0.0226 0.0189 0.0178 0.0179)
(7.0000 0.0000 0.0359 0.0390 0.0344 0.0235 0.0209 0.0197 0.0196)
(8.0000 0.0000 0.0426 0.0449 0.0396 0.0277 0.0235 0.0222 0.0224)
(9.0000 0.0000 0.0448 0.0479 0.0437 0.0323 0.0272 0.0254 0.0255)
(10.0000 0.0000 0.0472 0.0551 0.0515 0.0394 0.0304 0.0291 0.0288)
(11.0000 0.0000 0.0574 0.0715 0.0595 0.0539 0.0344 0.0323 0.0311)
(12.0000 0.0000 0.0928 0.1667 0.1557 0.1579 0.0395 0.0407 0.0527)
(13.0000 0.0000 0.1498 0.1716 0.1865 0.1740 0.0648 0.1018 0.1393)
(14.0000 0.0000 0.1695 0.2538 0.3065 0.2052 0.1175 0.1266 0.1679)
(15.0000 0.0000 0.2563 0.2665 0.2895 0.3160 0.1533 0.1570 0.1904)
(16.0000 0.0000 0.2622 0.2756 0.2991 0.3234 0.1907 0.1899 0.2674)
(17.0000 0.0000 0.2718 0.2909 0.3029 0.3173 0.2450 0.2415 0.2808)
(18.0000 0.0000 0.2819 0.2988 0.3045 0.3116 0.2936 0.2873 0.2935)
(19.0000 0.0000 0.2964 0.3102 0.3072 0.3105 0.2921 0.2813 0.3005)
(20.0000 0.0000 0.3079 0.3185 0.3080 0.3079 0.2895 0.2746 0.3052)
(25.0000 0.0000 0.3671 0.3773 0.3672 0.3670 0.3492 0.3348 0.3644)
(30.0000 0.0000 0.4358 0.4456 0.4358 0.4356 0.4186 0.4049 0.4331)
(35.0000 0.0000 0.5119 0.5212 0.5120 0.5117 0.4956 0.4826 0.5093)
(40.0000 0.0000 0.5931 0.6018 0.5931 0.5928 0.5778 0.5656 0.5906)
(45.0000 0.0000 0.6767 0.6847 0.6767 0.6763 0.6625 0.6512 0.6743)
(50.0000 0.0000 0.7599 0.7673 0.7600 0.7596 0.7469 0.7367 0.7577)
(55.0000 0.0000 0.8402 0.8468 0.8402 0.8399 0.8285 0.8194 0.8381)
(60.0000 0.0000 0.9147 0.9205 0.9147 0.9144 0.9045 0.8965 0.9129)
(65.0000 0.0000 0.9811 0.9859 0.9811 0.9808 0.9724 0.9656 0.9795)
(70.0000 0.0000 1.0369 1.0409 1.0369 1.0367 1.0298 1.0244 1.0356)
(75.0000 0.0000 1.0802 1.0832 1.0802 1.0801 1.0749 1.0707 1.0792)
(80.0000 0.0000 1.1093 1.1113 1.1093 1.1092 1.1057 1.1029 1.1086)
(85.0000 0.0000 1.1224 1.1234 1.1224 1.1224 1.1206 1.1192 1.1221)
(90.0000 0.0000 1.1169 1.1169 1.1169 1.1169 1.1169 1.1169 1.1169)
(95.0000 0.0000 1.1253 1.1264 1.1254 1.1254 1.1236 1.1223 1.1251)
(100.0000 0.0000 1.1169 1.1190 1.1170 1.1170 1.1135 1.1108 1.1165)
(105.0000 0.0000 1.0923 1.0954 1.0925 1.0924 1.0872 1.0831 1.0916)
(110.0000 0.0000 1.0526 1.0566 1.0528 1.0528 1.0459 1.0405 1.0517)
(115.0000 0.0000 0.9994 1.0044 0.9997 0.9996 0.9911 0.9844 0.9983)
(120.0000 0.0000 0.9346 0.9406 0.9350 0.9349 0.9249 0.9169 0.9333)
(125.0000 0.0000 0.8607 0.8675 0.8611 0.8610 0.8495 0.8404 0.8592)
(130.0000 0.0000 0.7800 0.7877 0.7805 0.7804 0.7675 0.7573 0.7784)
(135.0000 0.0000 0.6955 0.7039 0.6960 0.6959 0.6818 0.6705 0.6937)
(140.0000 0.0000 0.6100 0.6191 0.6105 0.6104 0.5951 0.5829 0.6080)
(145.0000 0.0000 0.5263 0.5360 0.5268 0.5267 0.5103 0.4972 0.5241)
(150.0000 0.0000 0.4471 0.4574 0.4477 0.4475 0.4302 0.4164 0.4449)
(155.0000 0.0000 0.3752 0.3859 0.3758 0.3756 0.3575 0.3431 0.3728)
(160.0000 0.0000 0.3128 0.3240 0.3135 0.3133 0.2945 0.2795 0.3104)
(161.4290 0.0000 0.2971 0.3083 0.2977 0.2975 0.2786 0.2635 0.2946)
(162.8570 0.0000 0.2823 0.2936 0.2829 0.2828 0.2637 0.2484 0.2798)
(164.2860 0.0000 0.2685 0.2800 0.2692 0.2690 0.2498 0.2345 0.2660)
(165.7140 0.0000 0.2559 0.2674 0.2565 0.2563 0.2370 0.2216 0.2533)
(167.1430 0.0000 0.2443 0.2559 0.2450 0.2448 0.2253 0.2098 0.2417)
(168.5710 0.0000 0.2339 0.2455 0.2345 0.2343 0.2148 0.1992 0.2313)
(170.0000 0.0000 0.2246 0.2363 0.2252 0.2251 0.2054 0.1897 0.2220)
(171.4290 0.0000 0.2165 0.2282 0.2172 0.2170 0.1972 0.1815 0.2139)
(172.8570 0.0000 0.2096 0.2214 0.2103 0.2101 0.1903 0.1745 0.2070)
(174.2860 0.0000 0.2040 0.2158 0.2046 0.2045 0.1846 0.1687 0.2014)
(175.7140 0.0000 0.1995 0.2114 0.2002 0.2000 0.1801 0.1642 0.1969)
(177.1430 0.0000 0.1964 0.2082 0.1971 0.1969 0.1769 0.1610 0.1938)
(178.5710 0.0000 0.1945 0.2064 0.1952 0.1950 0.1750 0.1591 0.1919)
(180.0000 0.0000 0.1938 0.2057 0.1945 0.1943 0.1744 0.1584 0.1912)
