// Drag coefficient polar, from OC6 Phase III
// alpha[deg] 
// Re = 0.0E+0 5.0E+04 6.0E+04 7.5E+04 1.0E+05 1.5E+05 1.7E+05 2.0E+05 
(-180.0000 0.0000 0.2236 0.2352 0.2243 0.2241 0.2044 0.1887 0.2202)
(-178.5710 0.0000 0.2242 0.2358 0.2249 0.2247 0.2050 0.1894 0.2208)
(-177.1430 0.0000 0.2261 0.2376 0.2267 0.2266 0.2069 0.1912 0.2227)
(-175.7140 0.0000 0.2292 0.2407 0.2298 0.2296 0.2100 0.1943 0.2257)
(-174.2860 0.0000 0.2334 0.2449 0.2341 0.2339 0.2143 0.1987 0.2300)
(-172.8570 0.0000 0.2389 0.2504 0.2396 0.2394 0.2198 0.2043 0.2355)
(-171.4290 0.0000 0.2456 0.2570 0.2463 0.2461 0.2266 0.2111 0.2422)
(-170.0000 0.0000 0.2535 0.2648 0.2541 0.2539 0.2345 0.2191 0.2501)
(-168.5710 0.0000 0.2625 0.2738 0.2631 0.2629 0.2436 0.2282 0.2591)
(-167.1430 0.0000 0.2726 0.2838 0.2732 0.2731 0.2538 0.2385 0.2692)
(-165.7140 0.0000 0.2838 0.2950 0.2844 0.2843 0.2652 0.2500 0.2805)
(-164.2860 0.0000 0.2961 0.3072 0.2967 0.2966 0.2776 0.2625 0.2928)
(-162.8570 0.0000 0.3094 0.3205 0.3101 0.3099 0.2911 0.2761 0.3061)
(-161.4290 0.0000 0.3238 0.3347 0.3244 0.3242 0.3055 0.2907 0.3205)
(-160.0000 0.0000 0.3391 0.3499 0.3397 0.3395 0.3210 0.3062 0.3358)
(-155.0000 0.0000 0.3996 0.4100 0.4002 0.4000 0.3821 0.3679 0.3964)
(-150.0000 0.0000 0.4694 0.4794 0.4700 0.4698 0.4527 0.4391 0.4663)
(-145.0000 0.0000 0.5462 0.5556 0.5467 0.5466 0.5304 0.5175 0.5432)
(-140.0000 0.0000 0.6275 0.6363 0.6280 0.6278 0.6126 0.6006 0.6246)
(-135.0000 0.0000 0.7105 0.7186 0.7109 0.7108 0.6968 0.6856 0.7078)
(-130.0000 0.0000 0.7925 0.7999 0.7929 0.7928 0.7800 0.7698 0.7900)
(-125.0000 0.0000 0.8707 0.8773 0.8711 0.8710 0.8595 0.8505 0.8684)
(-120.0000 0.0000 0.9425 0.9482 0.9428 0.9427 0.9327 0.9248 0.9403)
(-115.0000 0.0000 1.0053 1.0102 1.0056 1.0055 0.9970 0.9902 1.0033)
(-110.0000 0.0000 1.0569 1.0609 1.0572 1.0571 1.0502 1.0446 1.0552)
(-105.0000 0.0000 1.0955 1.0985 1.0956 1.0956 1.0903 1.0860 1.0939)
(-100.0000 0.0000 1.1194 1.1214 1.1195 1.1195 1.1158 1.1129 1.1181)
(-95.0000 0.0000 1.1276 1.1286 1.1276 1.1276 1.1256 1.1240 1.1264)
(-90.0000 0.0000 1.1194 1.1194 1.1194 1.1194 1.1191 1.1188 1.1185)
(-85.0000 0.0000 1.1276 1.1286 1.1276 1.1276 1.1256 1.1240 1.1264)
(-80.0000 0.0000 1.1194 1.1214 1.1195 1.1195 1.1158 1.1129 1.1181)
(-75.0000 0.0000 1.0955 1.0985 1.0956 1.0956 1.0903 1.0860 1.0939)
(-70.0000 0.0000 1.0569 1.0609 1.0572 1.0571 1.0502 1.0446 1.0552)
(-65.0000 0.0000 1.0053 1.0102 1.0056 1.0055 0.9970 0.9902 1.0033)
(-60.0000 0.0000 0.9425 0.9482 0.9428 0.9427 0.9327 0.9248 0.9403)
(-55.0000 0.0000 0.8707 0.8773 0.8711 0.8710 0.8595 0.8505 0.8684)
(-50.0000 0.0000 0.7925 0.7999 0.7929 0.7928 0.7800 0.7698 0.7900)
(-45.0000 0.0000 0.7105 0.7186 0.7109 0.7108 0.6968 0.6856 0.7078)
(-40.0000 0.0000 0.6275 0.6363 0.6280 0.6278 0.6126 0.6006 0.6246)
(-35.0000 0.0000 0.5462 0.5556 0.5467 0.5466 0.5304 0.5175 0.5432)
(-30.0000 0.0000 0.4694 0.4794 0.4700 0.4698 0.4527 0.4391 0.4663)
(-25.0000 0.0000 0.3996 0.4100 0.4002 0.4000 0.3821 0.3679 0.3964)
(-20.0000 0.0000 0.3391 0.3499 0.3397 0.3395 0.3210 0.3062 0.3358)
(-19.2860 0.0000 0.3267 0.3368 0.3277 0.3272 0.3097 0.2962 0.3237)
(-18.5710 0.0000 0.3143 0.3237 0.3157 0.3150 0.2985 0.2861 0.3116)
(-17.8570 0.0000 0.3018 0.3106 0.3036 0.3027 0.2873 0.2760 0.2994)
(-17.1430 0.0000 0.2894 0.2975 0.2916 0.2904 0.2760 0.2659 0.2873)
(-16.4290 0.0000 0.2770 0.2844 0.2796 0.2781 0.2648 0.2558 0.2752)
(-15.7140 0.0000 0.2646 0.2713 0.2676 0.2658 0.2535 0.2458 0.2631)
(-15.0000 0.0000 0.2522 0.2582 0.2556 0.2535 0.2423 0.2357 0.2510)
(-14.2860 0.0000 0.2398 0.2451 0.2436 0.2412 0.2311 0.2256 0.2389)
(-13.5710 0.0000 0.2274 0.2320 0.2315 0.2289 0.2198 0.2155 0.2267)
(-12.8570 0.0000 0.2150 0.2190 0.2195 0.2166 0.2086 0.2055 0.2146)
(-12.1430 0.0000 0.2026 0.2059 0.2075 0.2043 0.1973 0.1954 0.2025)
(-11.4290 0.0000 0.1902 0.1928 0.1955 0.1921 0.1861 0.1853 0.1904)
(-10.0000 0.0000 0.2323 0.2331 0.2302 0.2131 0.1955 0.1952 0.1945)
(-9.0000 0.0000 0.2030 0.2074 0.2034 0.1867 0.1681 0.1661 0.1656)
(-8.0000 0.0000 0.1753 0.1835 0.1783 0.1622 0.1427 0.1390 0.1387)
(-7.0000 0.0000 0.1511 0.1560 0.1507 0.1371 0.1176 0.1152 0.1126)
(-6.0000 0.0000 0.1283 0.1297 0.1244 0.1137 0.0941 0.0929 0.0875)
(-5.0000 0.0000 0.1049 0.1100 0.1009 0.0879 0.0743 0.0735 0.0713)
(-4.0000 0.0000 0.0819 0.0875 0.0795 0.0621 0.0537 0.0531 0.0542)
(-3.0000 0.0000 0.0744 0.0813 0.0740 0.0585 0.0543 0.0529 0.0531)
(-2.0000 0.0000 0.0672 0.0753 0.0687 0.0548 0.0541 0.0521 0.0517)
(-1.0000 0.0000 0.0630 0.0746 0.0692 0.0550 0.0519 0.0506 0.0498)
(0.0000 0.0000 0.0588 0.0742 0.0697 0.0547 0.0498 0.0491 0.0478)
(1.0000 0.0000 0.0640 0.0754 0.0751 0.0524 0.0488 0.0477 0.0472)
(2.0000 0.0000 0.0730 0.0782 0.0738 0.0504 0.0491 0.0481 0.0478)
(3.0000 0.0000 0.0678 0.0747 0.0720 0.0524 0.0496 0.0488 0.0484)
(4.0000 0.0000 0.0668 0.0729 0.0696 0.0537 0.0507 0.0498 0.0494)
(5.0000 0.0000 0.0661 0.0711 0.0684 0.0561 0.0519 0.0510 0.0506)
(6.0000 0.0000 0.0661 0.0711 0.0670 0.0569 0.0535 0.0523 0.0520)
(7.0000 0.0000 0.0704 0.0734 0.0690 0.0585 0.0555 0.0541 0.0537)
(8.0000 0.0000 0.0774 0.0798 0.0749 0.0637 0.0583 0.0567 0.0565)
(9.0000 0.0000 0.0807 0.0841 0.0804 0.0698 0.0626 0.0603 0.0602)
(10.0000 0.0000 0.0849 0.0930 0.0902 0.0791 0.0671 0.0653 0.0647)
(11.0000 0.0000 0.0982 0.1122 0.1013 0.0975 0.0737 0.0712 0.0698)
(12.0000 0.0000 0.1421 0.2158 0.2073 0.2101 0.0843 0.0856 0.0977)
(13.0000 0.0000 0.2074 0.2299 0.2447 0.2351 0.1190 0.1563 0.1947)
(14.0000 0.0000 0.2371 0.3293 0.3782 0.2768 0.1841 0.1923 0.2351)
(15.0000 0.0000 0.3331 0.3543 0.3743 0.3970 0.2308 0.2338 0.2692)
(16.0000 0.0000 0.3505 0.3753 0.3960 0.4167 0.2793 0.2779 0.3563)
(17.0000 0.0000 0.3725 0.4031 0.4128 0.4242 0.3452 0.3412 0.3826)
(18.0000 0.0000 0.3958 0.4243 0.4282 0.4329 0.4065 0.3998 0.4091)
(19.0000 0.0000 0.4240 0.4495 0.4453 0.4467 0.4200 0.4089 0.4308)
(20.0000 0.0000 0.4495 0.4719 0.4606 0.4591 0.4324 0.4173 0.4503)
(25.0000 0.0000 0.5815 0.6032 0.5935 0.5937 0.5676 0.5530 0.5849)
(30.0000 0.0000 0.7233 0.7438 0.7355 0.7373 0.7122 0.6982 0.7286)
(35.0000 0.0000 0.8672 0.8860 0.8791 0.8822 0.8586 0.8453 0.8738)
(40.0000 0.0000 1.0060 1.0231 1.0174 1.0214 0.9996 0.9872 1.0137)
(45.0000 0.0000 1.1333 1.1484 1.1439 1.1486 1.1290 1.1175 1.1417)
(50.0000 0.0000 1.2429 1.2562 1.2525 1.2577 1.2405 1.2301 1.2520)
(55.0000 0.0000 1.3294 1.3408 1.3380 1.3432 1.3287 1.3195 1.3389)
(60.0000 0.0000 1.3881 1.3977 1.3955 1.4006 1.3888 1.3809 1.3976)
(65.0000 0.0000 1.4152 1.4230 1.4213 1.4260 1.4168 1.4101 1.4242)
(70.0000 0.0000 1.4080 1.4140 1.4128 1.4167 1.4100 1.4046 1.4159)
(75.0000 0.0000 1.3657 1.3700 1.3691 1.3721 1.3675 1.3634 1.3718)
(80.0000 0.0000 1.2908 1.2936 1.2928 1.2947 1.2918 1.2890 1.2945)
(85.0000 0.0000 1.1939 1.1952 1.1947 1.1954 1.1938 1.1923 1.1948)
(90.0000 0.0000 1.1194 1.1194 1.1194 1.1194 1.1191 1.1188 1.1185)
(95.0000 0.0000 1.1276 1.1286 1.1276 1.1276 1.1256 1.1240 1.1264)
(100.0000 0.0000 1.1194 1.1214 1.1195 1.1195 1.1158 1.1129 1.1181)
(105.0000 0.0000 1.0955 1.0985 1.0956 1.0956 1.0903 1.0860 1.0939)
(110.0000 0.0000 1.0569 1.0609 1.0572 1.0571 1.0502 1.0446 1.0552)
(115.0000 0.0000 1.0053 1.0102 1.0056 1.0055 0.9970 0.9902 1.0033)
(120.0000 0.0000 0.9425 0.9482 0.9428 0.9427 0.9327 0.9248 0.9403)
(125.0000 0.0000 0.8707 0.8773 0.8711 0.8710 0.8595 0.8505 0.8684)
(130.0000 0.0000 0.7925 0.7999 0.7929 0.7928 0.7800 0.7698 0.7900)
(135.0000 0.0000 0.7105 0.7186 0.7109 0.7108 0.6968 0.6856 0.7078)
(140.0000 0.0000 0.6275 0.6363 0.6280 0.6278 0.6126 0.6006 0.6246)
(145.0000 0.0000 0.5462 0.5556 0.5467 0.5466 0.5304 0.5175 0.5432)
(150.0000 0.0000 0.4694 0.4794 0.4700 0.4698 0.4527 0.4391 0.4663)
(155.0000 0.0000 0.3996 0.4100 0.4002 0.4000 0.3821 0.3679 0.3964)
(160.0000 0.0000 0.3391 0.3499 0.3397 0.3395 0.3210 0.3062 0.3358)
(161.4290 0.0000 0.3238 0.3347 0.3244 0.3242 0.3055 0.2907 0.3205)
(162.8570 0.0000 0.3094 0.3205 0.3101 0.3099 0.2911 0.2761 0.3061)
(164.2860 0.0000 0.2961 0.3072 0.2967 0.2966 0.2776 0.2625 0.2928)
(165.7140 0.0000 0.2838 0.2950 0.2844 0.2843 0.2652 0.2500 0.2805)
(167.1430 0.0000 0.2726 0.2838 0.2732 0.2731 0.2538 0.2385 0.2692)
(168.5710 0.0000 0.2625 0.2738 0.2631 0.2629 0.2436 0.2282 0.2591)
(170.0000 0.0000 0.2535 0.2648 0.2541 0.2539 0.2345 0.2191 0.2501)
(171.4290 0.0000 0.2456 0.2570 0.2463 0.2461 0.2266 0.2111 0.2422)
(172.8570 0.0000 0.2389 0.2504 0.2396 0.2394 0.2198 0.2043 0.2355)
(174.2860 0.0000 0.2334 0.2449 0.2341 0.2339 0.2143 0.1987 0.2300)
(175.7140 0.0000 0.2292 0.2407 0.2298 0.2296 0.2100 0.1943 0.2257)
(177.1430 0.0000 0.2261 0.2376 0.2267 0.2266 0.2069 0.1912 0.2227)
(178.5710 0.0000 0.2242 0.2358 0.2249 0.2247 0.2050 0.1894 0.2208)
(180.0000 0.0000 0.2236 0.2352 0.2243 0.2241 0.2044 0.1887 0.2202)
