// Drag coefficient polar, from OC6 Phase III
// alpha[deg] 
// Re = 0.0E+0 5.0E+04 6.0E+04 7.5E+04 1.0E+05 1.5E+05 1.7E+05 2.0E+05 
(-180.0000 0.0000 0.1943 0.2061 0.1949 0.1948 0.1748 0.1589 0.1916)
(-178.5710 0.0000 0.1949 0.2068 0.1956 0.1954 0.1754 0.1595 0.1923)
(-177.1430 0.0000 0.1968 0.2087 0.1975 0.1973 0.1773 0.1614 0.1942)
(-175.7140 0.0000 0.2000 0.2118 0.2006 0.2005 0.1805 0.1647 0.1973)
(-174.2860 0.0000 0.2044 0.2162 0.2050 0.2049 0.1850 0.1691 0.2018)
(-172.8570 0.0000 0.2100 0.2218 0.2107 0.2105 0.1907 0.1749 0.2074)
(-171.4290 0.0000 0.2169 0.2286 0.2176 0.2174 0.1976 0.1819 0.2143)
(-170.0000 0.0000 0.2250 0.2367 0.2257 0.2255 0.2058 0.1901 0.2224)
(-168.5710 0.0000 0.2343 0.2459 0.2349 0.2347 0.2152 0.1996 0.2317)
(-167.1430 0.0000 0.2447 0.2563 0.2453 0.2452 0.2257 0.2102 0.2421)
(-165.7140 0.0000 0.2563 0.2678 0.2569 0.2567 0.2374 0.2220 0.2537)
(-164.2860 0.0000 0.2689 0.2804 0.2696 0.2694 0.2502 0.2348 0.2664)
(-162.8570 0.0000 0.2827 0.2940 0.2833 0.2831 0.2640 0.2488 0.2802)
(-161.4290 0.0000 0.2974 0.3087 0.2981 0.2979 0.2790 0.2639 0.2949)
(-160.0000 0.0000 0.3132 0.3243 0.3138 0.3137 0.2949 0.2799 0.3107)
(-155.0000 0.0000 0.3755 0.3863 0.3761 0.3760 0.3579 0.3434 0.3731)
(-150.0000 0.0000 0.4474 0.4577 0.4480 0.4479 0.4305 0.4168 0.4452)
(-145.0000 0.0000 0.5265 0.5363 0.5271 0.5269 0.5106 0.4975 0.5244)
(-140.0000 0.0000 0.6102 0.6193 0.6108 0.6106 0.5953 0.5831 0.6082)
(-135.0000 0.0000 0.6958 0.7041 0.6962 0.6961 0.6820 0.6707 0.6939)
(-130.0000 0.0000 0.7802 0.7879 0.7807 0.7805 0.7677 0.7575 0.7785)
(-125.0000 0.0000 0.8608 0.8676 0.8612 0.8611 0.8496 0.8405 0.8593)
(-120.0000 0.0000 0.9347 0.9407 0.9351 0.9350 0.9250 0.9170 0.9334)
(-115.0000 0.0000 0.9995 1.0045 0.9997 0.9997 0.9912 0.9845 0.9983)
(-110.0000 0.0000 1.0526 1.0567 1.0529 1.0528 1.0460 1.0405 1.0517)
(-105.0000 0.0000 1.0923 1.0954 1.0925 1.0925 1.0873 1.0832 1.0916)
(-100.0000 0.0000 1.1170 1.1190 1.1171 1.1170 1.1136 1.1108 1.1165)
(-95.0000 0.0000 1.1254 1.1264 1.1254 1.1254 1.1237 1.1223 1.1251)
(-90.0000 0.0000 1.1170 1.1170 1.1170 1.1170 1.1170 1.1170 1.1170)
(-85.0000 0.0000 1.1254 1.1264 1.1254 1.1254 1.1237 1.1223 1.1251)
(-80.0000 0.0000 1.1170 1.1190 1.1171 1.1170 1.1136 1.1108 1.1165)
(-75.0000 0.0000 1.0923 1.0954 1.0925 1.0925 1.0873 1.0832 1.0916)
(-70.0000 0.0000 1.0526 1.0567 1.0529 1.0528 1.0460 1.0405 1.0517)
(-65.0000 0.0000 0.9995 1.0045 0.9997 0.9997 0.9912 0.9845 0.9983)
(-60.0000 0.0000 0.9347 0.9407 0.9351 0.9350 0.9250 0.9170 0.9334)
(-55.0000 0.0000 0.8608 0.8676 0.8612 0.8611 0.8496 0.8405 0.8593)
(-50.0000 0.0000 0.7802 0.7879 0.7807 0.7805 0.7677 0.7575 0.7785)
(-45.0000 0.0000 0.6958 0.7041 0.6962 0.6961 0.6820 0.6707 0.6939)
(-40.0000 0.0000 0.6102 0.6193 0.6108 0.6106 0.5953 0.5831 0.6082)
(-35.0000 0.0000 0.5265 0.5363 0.5271 0.5269 0.5106 0.4975 0.5244)
(-30.0000 0.0000 0.4474 0.4577 0.4480 0.4479 0.4305 0.4168 0.4452)
(-25.0000 0.0000 0.3755 0.3863 0.3761 0.3760 0.3579 0.3434 0.3731)
(-20.0000 0.0000 0.3132 0.3243 0.3138 0.3137 0.2949 0.2799 0.3107)
(-19.2860 0.0000 0.3004 0.3108 0.3014 0.3010 0.2833 0.2695 0.2982)
(-18.5710 0.0000 0.2876 0.2974 0.2891 0.2883 0.2717 0.2592 0.2858)
(-17.8570 0.0000 0.2748 0.2839 0.2767 0.2757 0.2601 0.2488 0.2733)
(-17.1430 0.0000 0.2621 0.2704 0.2643 0.2630 0.2486 0.2384 0.2608)
(-16.4290 0.0000 0.2493 0.2569 0.2519 0.2504 0.2370 0.2280 0.2483)
(-15.7140 0.0000 0.2365 0.2434 0.2396 0.2377 0.2254 0.2176 0.2358)
(-15.0000 0.0000 0.2237 0.2299 0.2272 0.2250 0.2138 0.2072 0.2233)
(-14.2860 0.0000 0.2109 0.2164 0.2148 0.2124 0.2022 0.1969 0.2108)
(-13.5710 0.0000 0.1981 0.2029 0.2024 0.1997 0.1907 0.1865 0.1984)
(-12.8570 0.0000 0.1853 0.1894 0.1900 0.1871 0.1791 0.1761 0.1859)
(-12.1430 0.0000 0.1726 0.1760 0.1777 0.1744 0.1675 0.1657 0.1734)
(-11.4290 0.0000 0.1598 0.1625 0.1653 0.1617 0.1559 0.1553 0.1609)
(-10.0000 0.0000 0.2085 0.2093 0.2057 0.1870 0.1681 0.1679 0.1675)
(-9.0000 0.0000 0.1769 0.1815 0.1768 0.1585 0.1386 0.1366 0.1363)
(-8.0000 0.0000 0.1473 0.1556 0.1498 0.1321 0.1112 0.1075 0.1073)
(-7.0000 0.0000 0.1213 0.1263 0.1203 0.1054 0.0846 0.0823 0.0799)
(-6.0000 0.0000 0.0970 0.0982 0.0923 0.0804 0.0596 0.0587 0.0536)
(-5.0000 0.0000 0.0727 0.0777 0.0679 0.0540 0.0397 0.0392 0.0375)
(-4.0000 0.0000 0.0488 0.0545 0.0459 0.0275 0.0189 0.0187 0.0204)
(-3.0000 0.0000 0.0409 0.0479 0.0402 0.0239 0.0199 0.0188 0.0194)
(-2.0000 0.0000 0.0334 0.0416 0.0347 0.0201 0.0200 0.0182 0.0181)
(-1.0000 0.0000 0.0289 0.0408 0.0352 0.0205 0.0177 0.0166 0.0161)
(0.0000 0.0000 0.0245 0.0403 0.0357 0.0203 0.0156 0.0150 0.0140)
(1.0000 0.0000 0.0297 0.0415 0.0414 0.0179 0.0145 0.0136 0.0135)
(2.0000 0.0000 0.0391 0.0446 0.0400 0.0157 0.0148 0.0140 0.0140)
(3.0000 0.0000 0.0338 0.0409 0.0381 0.0178 0.0153 0.0147 0.0147)
(4.0000 0.0000 0.0328 0.0391 0.0357 0.0192 0.0165 0.0158 0.0157)
(5.0000 0.0000 0.0320 0.0372 0.0343 0.0216 0.0177 0.0170 0.0170)
(6.0000 0.0000 0.0320 0.0372 0.0329 0.0224 0.0193 0.0184 0.0183)
(7.0000 0.0000 0.0364 0.0395 0.0349 0.0242 0.0214 0.0202 0.0201)
(8.0000 0.0000 0.0437 0.0462 0.0412 0.0296 0.0243 0.0228 0.0231)
(9.0000 0.0000 0.0471 0.0507 0.0469 0.0360 0.0288 0.0267 0.0269)
(10.0000 0.0000 0.0517 0.0600 0.0572 0.0458 0.0335 0.0318 0.0316)
(11.0000 0.0000 0.0656 0.0800 0.0689 0.0651 0.0406 0.0381 0.0371)
(12.0000 0.0000 0.1116 0.1876 0.1791 0.1820 0.0518 0.0535 0.0664)
(13.0000 0.0000 0.1796 0.2028 0.2181 0.2084 0.0884 0.1272 0.1672)
(14.0000 0.0000 0.2109 0.3067 0.3569 0.2523 0.1565 0.1651 0.2098)
(15.0000 0.0000 0.3107 0.3334 0.3539 0.3770 0.2055 0.2088 0.2459)
(16.0000 0.0000 0.3296 0.3560 0.3772 0.3983 0.2564 0.2552 0.3366)
(17.0000 0.0000 0.3532 0.3856 0.3954 0.4070 0.3253 0.3214 0.3647)
(18.0000 0.0000 0.3782 0.4085 0.4123 0.4170 0.3895 0.3828 0.3930)
(19.0000 0.0000 0.4083 0.4355 0.4310 0.4324 0.4046 0.3933 0.4165)
(20.0000 0.0000 0.4356 0.4597 0.4479 0.4463 0.4184 0.4030 0.4377)
(25.0000 0.0000 0.5772 0.6005 0.5905 0.5908 0.5636 0.5487 0.5822)
(30.0000 0.0000 0.7290 0.7509 0.7425 0.7445 0.7184 0.7041 0.7360)
(35.0000 0.0000 0.8825 0.9027 0.8957 0.8991 0.8745 0.8611 0.8910)
(40.0000 0.0000 1.0301 1.0483 1.0427 1.0471 1.0245 1.0119 1.0397)
(45.0000 0.0000 1.1646 1.1808 1.1764 1.1816 1.1613 1.1497 1.1751)
(50.0000 0.0000 1.2797 1.2939 1.2904 1.2961 1.2784 1.2679 1.2909)
(55.0000 0.0000 1.3695 1.3816 1.3790 1.3848 1.3700 1.3607 1.3811)
(60.0000 0.0000 1.4290 1.4391 1.4371 1.4428 1.4309 1.4229 1.4405)
(65.0000 0.0000 1.4540 1.4622 1.4608 1.4659 1.4568 1.4502 1.4650)
(70.0000 0.0000 1.4419 1.4483 1.4472 1.4516 1.4451 1.4397 1.4517)
(75.0000 0.0000 1.3920 1.3966 1.3957 1.3991 1.3947 1.3908 1.3998)
(80.0000 0.0000 1.3070 1.3100 1.3093 1.3114 1.3088 1.3061 1.3121)
(85.0000 0.0000 1.1990 1.2003 1.1998 1.2006 1.1993 1.1980 1.2009)
(90.0000 0.0000 1.1170 1.1170 1.1170 1.1170 1.1170 1.1170 1.1170)
(95.0000 0.0000 1.1254 1.1264 1.1254 1.1254 1.1237 1.1223 1.1251)
(100.0000 0.0000 1.1170 1.1190 1.1171 1.1170 1.1136 1.1108 1.1165)
(105.0000 0.0000 1.0923 1.0954 1.0925 1.0925 1.0873 1.0832 1.0916)
(110.0000 0.0000 1.0526 1.0567 1.0529 1.0528 1.0460 1.0405 1.0517)
(115.0000 0.0000 0.9995 1.0045 0.9997 0.9997 0.9912 0.9845 0.9983)
(120.0000 0.0000 0.9347 0.9407 0.9351 0.9350 0.9250 0.9170 0.9334)
(125.0000 0.0000 0.8608 0.8676 0.8612 0.8611 0.8496 0.8405 0.8593)
(130.0000 0.0000 0.7802 0.7879 0.7807 0.7805 0.7677 0.7575 0.7785)
(135.0000 0.0000 0.6958 0.7041 0.6962 0.6961 0.6820 0.6707 0.6939)
(140.0000 0.0000 0.6102 0.6193 0.6108 0.6106 0.5953 0.5831 0.6082)
(145.0000 0.0000 0.5265 0.5363 0.5271 0.5269 0.5106 0.4975 0.5244)
(150.0000 0.0000 0.4474 0.4577 0.4480 0.4479 0.4305 0.4168 0.4452)
(155.0000 0.0000 0.3755 0.3863 0.3761 0.3760 0.3579 0.3434 0.3731)
(160.0000 0.0000 0.3132 0.3243 0.3138 0.3137 0.2949 0.2799 0.3107)
(161.4290 0.0000 0.2974 0.3087 0.2981 0.2979 0.2790 0.2639 0.2949)
(162.8570 0.0000 0.2827 0.2940 0.2833 0.2831 0.2640 0.2488 0.2802)
(164.2860 0.0000 0.2689 0.2804 0.2696 0.2694 0.2502 0.2348 0.2664)
(165.7140 0.0000 0.2563 0.2678 0.2569 0.2567 0.2374 0.2220 0.2537)
(167.1430 0.0000 0.2447 0.2563 0.2453 0.2452 0.2257 0.2102 0.2421)
(168.5710 0.0000 0.2343 0.2459 0.2349 0.2347 0.2152 0.1996 0.2317)
(170.0000 0.0000 0.2250 0.2367 0.2257 0.2255 0.2058 0.1901 0.2224)
(171.4290 0.0000 0.2169 0.2286 0.2176 0.2174 0.1976 0.1819 0.2143)
(172.8570 0.0000 0.2100 0.2218 0.2107 0.2105 0.1907 0.1749 0.2074)
(174.2860 0.0000 0.2044 0.2162 0.2050 0.2049 0.1850 0.1691 0.2018)
(175.7140 0.0000 0.2000 0.2118 0.2006 0.2005 0.1805 0.1647 0.1973)
(177.1430 0.0000 0.1968 0.2087 0.1975 0.1973 0.1773 0.1614 0.1942)
(178.5710 0.0000 0.1949 0.2068 0.1956 0.1954 0.1754 0.1595 0.1923)
(180.0000 0.0000 0.1943 0.2061 0.1949 0.1948 0.1748 0.1589 0.1916)
