// Drag coefficient polar, from OC6 Phase III
// alpha[deg] 
// Re = 0.0E+0 5.0E+04 6.0E+04 7.5E+04 1.0E+05 1.5E+05 1.7E+05 2.0E+05 
(-180.0000 0.0000 0.1938 0.2057 0.1945 0.1943 0.1744 0.1584 0.1912)
(-178.5710 0.0000 0.1945 0.2064 0.1952 0.1950 0.1750 0.1591 0.1919)
(-177.1430 0.0000 0.1964 0.2082 0.1971 0.1969 0.1769 0.1610 0.1938)
(-175.7140 0.0000 0.1995 0.2114 0.2002 0.2000 0.1801 0.1642 0.1969)
(-174.2860 0.0000 0.2040 0.2158 0.2046 0.2045 0.1846 0.1687 0.2014)
(-172.8570 0.0000 0.2096 0.2214 0.2103 0.2101 0.1903 0.1745 0.2070)
(-171.4290 0.0000 0.2165 0.2282 0.2172 0.2170 0.1972 0.1815 0.2139)
(-170.0000 0.0000 0.2246 0.2363 0.2252 0.2251 0.2054 0.1897 0.2220)
(-168.5710 0.0000 0.2339 0.2455 0.2345 0.2343 0.2148 0.1992 0.2313)
(-167.1430 0.0000 0.2443 0.2559 0.2450 0.2448 0.2253 0.2098 0.2417)
(-165.7140 0.0000 0.2559 0.2674 0.2565 0.2563 0.2370 0.2216 0.2533)
(-164.2860 0.0000 0.2685 0.2800 0.2692 0.2690 0.2498 0.2345 0.2660)
(-162.8570 0.0000 0.2823 0.2936 0.2829 0.2828 0.2637 0.2484 0.2798)
(-161.4290 0.0000 0.2971 0.3083 0.2977 0.2975 0.2786 0.2635 0.2946)
(-160.0000 0.0000 0.3128 0.3240 0.3135 0.3133 0.2945 0.2795 0.3104)
(-155.0000 0.0000 0.3752 0.3859 0.3758 0.3756 0.3575 0.3431 0.3728)
(-150.0000 0.0000 0.4471 0.4574 0.4477 0.4475 0.4302 0.4164 0.4449)
(-145.0000 0.0000 0.5263 0.5360 0.5268 0.5267 0.5103 0.4972 0.5241)
(-140.0000 0.0000 0.6100 0.6191 0.6105 0.6104 0.5951 0.5829 0.6080)
(-135.0000 0.0000 0.6955 0.7039 0.6960 0.6959 0.6818 0.6705 0.6937)
(-130.0000 0.0000 0.7800 0.7877 0.7805 0.7804 0.7675 0.7573 0.7784)
(-125.0000 0.0000 0.8607 0.8675 0.8611 0.8610 0.8495 0.8404 0.8592)
(-120.0000 0.0000 0.9346 0.9406 0.9350 0.9349 0.9249 0.9169 0.9333)
(-115.0000 0.0000 0.9994 1.0044 0.9997 0.9996 0.9911 0.9844 0.9983)
(-110.0000 0.0000 1.0526 1.0566 1.0528 1.0528 1.0459 1.0405 1.0517)
(-105.0000 0.0000 1.0923 1.0954 1.0925 1.0924 1.0872 1.0831 1.0916)
(-100.0000 0.0000 1.1169 1.1190 1.1170 1.1170 1.1135 1.1108 1.1165)
(-95.0000 0.0000 1.1253 1.1264 1.1254 1.1254 1.1236 1.1223 1.1251)
(-90.0000 0.0000 1.1169 1.1169 1.1169 1.1169 1.1169 1.1169 1.1169)
(-85.0000 0.0000 1.1253 1.1264 1.1254 1.1254 1.1236 1.1223 1.1251)
(-80.0000 0.0000 1.1169 1.1190 1.1170 1.1170 1.1135 1.1108 1.1165)
(-75.0000 0.0000 1.0923 1.0954 1.0925 1.0924 1.0872 1.0831 1.0916)
(-70.0000 0.0000 1.0526 1.0566 1.0528 1.0528 1.0459 1.0405 1.0517)
(-65.0000 0.0000 0.9994 1.0044 0.9997 0.9996 0.9911 0.9844 0.9983)
(-60.0000 0.0000 0.9346 0.9406 0.9350 0.9349 0.9249 0.9169 0.9333)
(-55.0000 0.0000 0.8607 0.8675 0.8611 0.8610 0.8495 0.8404 0.8592)
(-50.0000 0.0000 0.7800 0.7877 0.7805 0.7804 0.7675 0.7573 0.7784)
(-45.0000 0.0000 0.6955 0.7039 0.6960 0.6959 0.6818 0.6705 0.6937)
(-40.0000 0.0000 0.6100 0.6191 0.6105 0.6104 0.5951 0.5829 0.6080)
(-35.0000 0.0000 0.5263 0.5360 0.5268 0.5267 0.5103 0.4972 0.5241)
(-30.0000 0.0000 0.4471 0.4574 0.4477 0.4475 0.4302 0.4164 0.4449)
(-25.0000 0.0000 0.3752 0.3859 0.3758 0.3756 0.3575 0.3431 0.3728)
(-20.0000 0.0000 0.3128 0.3240 0.3135 0.3133 0.2945 0.2795 0.3104)
(-19.2860 0.0000 0.3000 0.3105 0.3011 0.3006 0.2829 0.2692 0.2979)
(-18.5710 0.0000 0.2872 0.2970 0.2887 0.2880 0.2713 0.2588 0.2854)
(-17.8570 0.0000 0.2744 0.2835 0.2763 0.2753 0.2597 0.2484 0.2729)
(-17.1430 0.0000 0.2617 0.2700 0.2639 0.2626 0.2482 0.2380 0.2604)
(-16.4290 0.0000 0.2489 0.2565 0.2515 0.2500 0.2366 0.2276 0.2479)
(-15.7140 0.0000 0.2361 0.2430 0.2392 0.2373 0.2250 0.2172 0.2354)
(-15.0000 0.0000 0.2233 0.2295 0.2268 0.2246 0.2134 0.2068 0.2229)
(-14.2860 0.0000 0.2105 0.2160 0.2144 0.2120 0.2018 0.1965 0.2105)
(-13.5710 0.0000 0.1977 0.2025 0.2020 0.1993 0.1902 0.1861 0.1980)
(-12.8570 0.0000 0.1849 0.1890 0.1896 0.1866 0.1787 0.1757 0.1855)
(-12.1430 0.0000 0.1721 0.1755 0.1772 0.1740 0.1671 0.1653 0.1730)
(-11.4290 0.0000 0.1594 0.1620 0.1649 0.1613 0.1555 0.1549 0.1605)
(-10.0000 0.0000 0.1256 0.1269 0.1329 0.1304 0.1284 0.1304 0.1320)
(-9.0000 0.0000 0.1148 0.1200 0.1240 0.1225 0.1197 0.1201 0.1221)
(-8.0000 0.0000 0.1038 0.1129 0.1149 0.1145 0.1107 0.1095 0.1121)
(-7.0000 0.0000 0.0931 0.1001 0.1017 0.1021 0.0969 0.0959 0.0935)
(-6.0000 0.0000 0.0822 0.0864 0.0879 0.0896 0.0829 0.0822 0.0738)
(-5.0000 0.0000 0.0612 0.0691 0.0651 0.0619 0.0555 0.0539 0.0490)
(-4.0000 0.0000 0.0401 0.0478 0.0439 0.0342 0.0282 0.0257 0.0243)
(-3.0000 0.0000 0.0346 0.0431 0.0389 0.0288 0.0235 0.0212 0.0208)
(-2.0000 0.0000 0.0290 0.0383 0.0340 0.0234 0.0189 0.0168 0.0174)
(-1.0000 0.0000 0.0264 0.0391 0.0346 0.0216 0.0170 0.0157 0.0155)
(0.0000 0.0000 0.0240 0.0398 0.0352 0.0198 0.0151 0.0145 0.0136)
(1.0000 0.0000 0.0300 0.0411 0.0394 0.0179 0.0138 0.0129 0.0128)
(2.0000 0.0000 0.0388 0.0420 0.0382 0.0163 0.0142 0.0134 0.0134)
(3.0000 0.0000 0.0318 0.0388 0.0369 0.0184 0.0148 0.0142 0.0142)
(4.0000 0.0000 0.0310 0.0377 0.0351 0.0199 0.0158 0.0150 0.0152)
(5.0000 0.0000 0.0311 0.0364 0.0341 0.0222 0.0172 0.0163 0.0164)
(6.0000 0.0000 0.0314 0.0368 0.0328 0.0226 0.0189 0.0178 0.0179)
(7.0000 0.0000 0.0359 0.0390 0.0344 0.0235 0.0209 0.0197 0.0196)
(8.0000 0.0000 0.0426 0.0449 0.0396 0.0276 0.0235 0.0222 0.0224)
(9.0000 0.0000 0.0447 0.0478 0.0435 0.0321 0.0271 0.0253 0.0255)
(10.0000 0.0000 0.0469 0.0548 0.0511 0.0390 0.0303 0.0289 0.0287)
(11.0000 0.0000 0.0569 0.0710 0.0589 0.0532 0.0340 0.0319 0.0308)
(12.0000 0.0000 0.0916 0.1653 0.1542 0.1563 0.0387 0.0399 0.0518)
(13.0000 0.0000 0.1478 0.1696 0.1844 0.1717 0.0633 0.1001 0.1374)
(14.0000 0.0000 0.1667 0.2503 0.3031 0.2020 0.1149 0.1240 0.1650)
(15.0000 0.0000 0.2526 0.2620 0.2851 0.3119 0.1498 0.1536 0.1867)
(16.0000 0.0000 0.2576 0.2702 0.2939 0.3183 0.1863 0.1855 0.2628)
(17.0000 0.0000 0.2663 0.2845 0.2966 0.3112 0.2396 0.2361 0.2752)
(18.0000 0.0000 0.2754 0.2914 0.2972 0.3046 0.2872 0.2809 0.2868)
(19.0000 0.0000 0.2888 0.3017 0.2989 0.3023 0.2845 0.2737 0.2927)
(20.0000 0.0000 0.2993 0.3090 0.2986 0.2986 0.2808 0.2659 0.2963)
(25.0000 0.0000 0.3529 0.3623 0.3521 0.3519 0.3348 0.3204 0.3497)
(30.0000 0.0000 0.4160 0.4250 0.4151 0.4148 0.3984 0.3847 0.4127)
(35.0000 0.0000 0.4869 0.4955 0.4861 0.4855 0.4701 0.4571 0.4836)
(40.0000 0.0000 0.5636 0.5717 0.5628 0.5621 0.5476 0.5355 0.5603)
(45.0000 0.0000 0.6437 0.6512 0.6429 0.6422 0.6288 0.6176 0.6405)
(50.0000 0.0000 0.7248 0.7317 0.7241 0.7234 0.7111 0.7009 0.7217)
(55.0000 0.0000 0.8044 0.8107 0.8038 0.8031 0.7920 0.7828 0.8015)
(60.0000 0.0000 0.8800 0.8855 0.8795 0.8787 0.8690 0.8610 0.8773)
(65.0000 0.0000 0.9491 0.9538 0.9487 0.9480 0.9397 0.9329 0.9467)
(70.0000 0.0000 1.0095 1.0133 1.0092 1.0087 1.0018 0.9963 1.0075)
(75.0000 0.0000 1.0592 1.0621 1.0589 1.0585 1.0533 1.0491 1.0575)
(80.0000 0.0000 1.0959 1.0979 1.0958 1.0955 1.0920 1.0892 1.0948)
(85.0000 0.0000 1.1172 1.1182 1.1172 1.1171 1.1153 1.1139 1.1167)
(90.0000 0.0000 1.1169 1.1169 1.1169 1.1169 1.1169 1.1169 1.1169)
(95.0000 0.0000 1.1253 1.1264 1.1254 1.1254 1.1236 1.1223 1.1251)
(100.0000 0.0000 1.1169 1.1190 1.1170 1.1170 1.1135 1.1108 1.1165)
(105.0000 0.0000 1.0923 1.0954 1.0925 1.0924 1.0872 1.0831 1.0916)
(110.0000 0.0000 1.0526 1.0566 1.0528 1.0528 1.0459 1.0405 1.0517)
(115.0000 0.0000 0.9994 1.0044 0.9997 0.9996 0.9911 0.9844 0.9983)
(120.0000 0.0000 0.9346 0.9406 0.9350 0.9349 0.9249 0.9169 0.9333)
(125.0000 0.0000 0.8607 0.8675 0.8611 0.8610 0.8495 0.8404 0.8592)
(130.0000 0.0000 0.7800 0.7877 0.7805 0.7804 0.7675 0.7573 0.7784)
(135.0000 0.0000 0.6955 0.7039 0.6960 0.6959 0.6818 0.6705 0.6937)
(140.0000 0.0000 0.6100 0.6191 0.6105 0.6104 0.5951 0.5829 0.6080)
(145.0000 0.0000 0.5263 0.5360 0.5268 0.5267 0.5103 0.4972 0.5241)
(150.0000 0.0000 0.4471 0.4574 0.4477 0.4475 0.4302 0.4164 0.4449)
(155.0000 0.0000 0.3752 0.3859 0.3758 0.3756 0.3575 0.3431 0.3728)
(160.0000 0.0000 0.3128 0.3240 0.3135 0.3133 0.2945 0.2795 0.3104)
(161.4290 0.0000 0.2971 0.3083 0.2977 0.2975 0.2786 0.2635 0.2946)
(162.8570 0.0000 0.2823 0.2936 0.2829 0.2828 0.2637 0.2484 0.2798)
(164.2860 0.0000 0.2685 0.2800 0.2692 0.2690 0.2498 0.2345 0.2660)
(165.7140 0.0000 0.2559 0.2674 0.2565 0.2563 0.2370 0.2216 0.2533)
(167.1430 0.0000 0.2443 0.2559 0.2450 0.2448 0.2253 0.2098 0.2417)
(168.5710 0.0000 0.2339 0.2455 0.2345 0.2343 0.2148 0.1992 0.2313)
(170.0000 0.0000 0.2246 0.2363 0.2252 0.2251 0.2054 0.1897 0.2220)
(171.4290 0.0000 0.2165 0.2282 0.2172 0.2170 0.1972 0.1815 0.2139)
(172.8570 0.0000 0.2096 0.2214 0.2103 0.2101 0.1903 0.1745 0.2070)
(174.2860 0.0000 0.2040 0.2158 0.2046 0.2045 0.1846 0.1687 0.2014)
(175.7140 0.0000 0.1995 0.2114 0.2002 0.2000 0.1801 0.1642 0.1969)
(177.1430 0.0000 0.1964 0.2082 0.1971 0.1969 0.1769 0.1610 0.1938)
(178.5710 0.0000 0.1945 0.2064 0.1952 0.1950 0.1750 0.1591 0.1919)
(180.0000 0.0000 0.1938 0.2057 0.1945 0.1943 0.1744 0.1584 0.1912)
