// Drag coefficient polar, from OC6 Phase III
// alpha[deg] 
// Re = 0.0E+0 5.0E+04 6.0E+04 7.5E+04 1.0E+05 1.5E+05 1.7E+05 2.0E+05 
(-180.0000 0.0000 1.1734 1.1737 1.1734 1.1734 1.1624 1.1545 1.1441)
(-178.5710 0.0000 1.1734 1.1737 1.1734 1.1734 1.1624 1.1545 1.1441)
(-177.1430 0.0000 1.1734 1.1737 1.1735 1.1734 1.1624 1.1545 1.1442)
(-175.7140 0.0000 1.1735 1.1738 1.1735 1.1735 1.1625 1.1546 1.1442)
(-174.2860 0.0000 1.1736 1.1739 1.1737 1.1736 1.1626 1.1547 1.1444)
(-172.8570 0.0000 1.1738 1.1741 1.1738 1.1738 1.1628 1.1549 1.1445)
(-171.4290 0.0000 1.1740 1.1743 1.1740 1.1740 1.1630 1.1551 1.1447)
(-170.0000 0.0000 1.1742 1.1745 1.1742 1.1742 1.1632 1.1553 1.1449)
(-168.5710 0.0000 1.1744 1.1747 1.1744 1.1744 1.1634 1.1555 1.1452)
(-167.1430 0.0000 1.1747 1.1750 1.1747 1.1747 1.1637 1.1558 1.1454)
(-165.7140 0.0000 1.1750 1.1753 1.1750 1.1750 1.1640 1.1561 1.1457)
(-164.2860 0.0000 1.1753 1.1756 1.1754 1.1754 1.1644 1.1565 1.1461)
(-162.8570 0.0000 1.1757 1.1760 1.1757 1.1757 1.1647 1.1568 1.1464)
(-161.4290 0.0000 1.1761 1.1764 1.1761 1.1761 1.1651 1.1572 1.1468)
(-160.0000 0.0000 1.1765 1.1768 1.1765 1.1765 1.1655 1.1577 1.1472)
(-155.0000 0.0000 1.1782 1.1785 1.1782 1.1782 1.1672 1.1593 1.1489)
(-150.0000 0.0000 1.1801 1.1803 1.1801 1.1801 1.1691 1.1613 1.1508)
(-145.0000 0.0000 1.1822 1.1824 1.1822 1.1822 1.1713 1.1634 1.1529)
(-140.0000 0.0000 1.1844 1.1846 1.1844 1.1844 1.1735 1.1657 1.1551)
(-135.0000 0.0000 1.1866 1.1869 1.1867 1.1867 1.1758 1.1680 1.1574)
(-130.0000 0.0000 1.1889 1.1891 1.1889 1.1889 1.1781 1.1703 1.1596)
(-125.0000 0.0000 1.1910 1.1912 1.1910 1.1910 1.1802 1.1725 1.1618)
(-120.0000 0.0000 1.1930 1.1931 1.1930 1.1930 1.1822 1.1745 1.1637)
(-115.0000 0.0000 1.1947 1.1948 1.1947 1.1947 1.1840 1.1763 1.1655)
(-110.0000 0.0000 1.1961 1.1962 1.1961 1.1961 1.1854 1.1778 1.1669)
(-105.0000 0.0000 1.1971 1.1972 1.1972 1.1972 1.1865 1.1789 1.1679)
(-100.0000 0.0000 1.1978 1.1979 1.1978 1.1978 1.1872 1.1797 1.1686)
(-95.0000 0.0000 1.1980 1.1981 1.1980 1.1980 1.1875 1.1800 1.1688)
(-90.0000 0.0000 1.1978 1.1978 1.1978 1.1978 1.1873 1.1798 1.1686)
(-85.0000 0.0000 1.1980 1.1981 1.1980 1.1980 1.1875 1.1800 1.1688)
(-80.0000 0.0000 1.1978 1.1979 1.1978 1.1978 1.1872 1.1797 1.1686)
(-75.0000 0.0000 1.1971 1.1972 1.1972 1.1972 1.1865 1.1789 1.1679)
(-70.0000 0.0000 1.1961 1.1962 1.1961 1.1961 1.1854 1.1778 1.1669)
(-65.0000 0.0000 1.1947 1.1948 1.1947 1.1947 1.1840 1.1763 1.1655)
(-60.0000 0.0000 1.1930 1.1931 1.1930 1.1930 1.1822 1.1745 1.1637)
(-55.0000 0.0000 1.1910 1.1912 1.1910 1.1910 1.1802 1.1725 1.1618)
(-50.0000 0.0000 1.1889 1.1891 1.1889 1.1889 1.1781 1.1703 1.1596)
(-45.0000 0.0000 1.1866 1.1869 1.1867 1.1867 1.1758 1.1680 1.1574)
(-40.0000 0.0000 1.1844 1.1846 1.1844 1.1844 1.1735 1.1657 1.1551)
(-35.0000 0.0000 1.1822 1.1824 1.1822 1.1822 1.1713 1.1634 1.1529)
(-30.0000 0.0000 1.1801 1.1803 1.1801 1.1801 1.1691 1.1613 1.1508)
(-25.0000 0.0000 1.1782 1.1785 1.1782 1.1782 1.1672 1.1593 1.1489)
(-20.0000 0.0000 1.1765 1.1768 1.1765 1.1765 1.1655 1.1577 1.1472)
(-19.2860 0.0000 1.1762 1.1765 1.1762 1.1762 1.1652 1.1574 1.1469)
(-18.5710 0.0000 1.1758 1.1761 1.1759 1.1759 1.1649 1.1571 1.1466)
(-17.8570 0.0000 1.1755 1.1757 1.1755 1.1755 1.1646 1.1568 1.1463)
(-17.1430 0.0000 1.1752 1.1754 1.1752 1.1752 1.1643 1.1566 1.1459)
(-16.4290 0.0000 1.1748 1.1750 1.1749 1.1749 1.1640 1.1563 1.1456)
(-15.7140 0.0000 1.1745 1.1747 1.1746 1.1745 1.1637 1.1560 1.1453)
(-15.0000 0.0000 1.1741 1.1743 1.1742 1.1742 1.1634 1.1557 1.1449)
(-14.2860 0.0000 1.1738 1.1740 1.1739 1.1738 1.1631 1.1555 1.1446)
(-13.5710 0.0000 1.1735 1.1736 1.1736 1.1735 1.1628 1.1552 1.1443)
(-12.8570 0.0000 1.1731 1.1732 1.1733 1.1732 1.1625 1.1549 1.1439)
(-12.1430 0.0000 1.1728 1.1729 1.1729 1.1728 1.1622 1.1546 1.1436)
(-11.4290 0.0000 1.1725 1.1725 1.1726 1.1725 1.1619 1.1544 1.1433)
(-10.0000 0.0000 1.1718 1.1718 1.1719 1.1718 1.1613 1.1538 1.1426)
(-9.0000 0.0000 1.1714 1.1716 1.1717 1.1716 1.1610 1.1535 1.1423)
(-8.0000 0.0000 1.1711 1.1713 1.1714 1.1713 1.1607 1.1532 1.1420)
(-7.0000 0.0000 1.1708 1.1710 1.1710 1.1709 1.1603 1.1528 1.1415)
(-6.0000 0.0000 1.1704 1.1706 1.1706 1.1706 1.1599 1.1524 1.1409)
(-5.0000 0.0000 1.1699 1.1701 1.1700 1.1699 1.1592 1.1516 1.1403)
(-4.0000 0.0000 1.1693 1.1695 1.1694 1.1691 1.1585 1.1509 1.1397)
(-3.0000 0.0000 1.1692 1.1694 1.1693 1.1690 1.1584 1.1508 1.1396)
(-2.0000 0.0000 1.1690 1.1693 1.1691 1.1688 1.1583 1.1507 1.1395)
(-1.0000 0.0000 1.1689 1.1693 1.1692 1.1688 1.1582 1.1507 1.1394)
(0.0000 0.0000 1.1689 1.1693 1.1692 1.1688 1.1581 1.1506 1.1394)
(1.0000 0.0000 1.1690 1.1693 1.1693 1.1687 1.1581 1.1506 1.1394)
(2.0000 0.0000 1.1693 1.1694 1.1692 1.1687 1.1581 1.1506 1.1394)
(3.0000 0.0000 1.1691 1.1693 1.1692 1.1687 1.1581 1.1506 1.1394)
(4.0000 0.0000 1.1691 1.1692 1.1692 1.1688 1.1582 1.1507 1.1394)
(5.0000 0.0000 1.1691 1.1692 1.1691 1.1688 1.1582 1.1507 1.1395)
(6.0000 0.0000 1.1691 1.1692 1.1691 1.1688 1.1582 1.1507 1.1395)
(7.0000 0.0000 1.1692 1.1693 1.1691 1.1689 1.1583 1.1508 1.1395)
(8.0000 0.0000 1.1694 1.1694 1.1693 1.1690 1.1584 1.1508 1.1396)
(9.0000 0.0000 1.1694 1.1695 1.1694 1.1691 1.1585 1.1509 1.1397)
(10.0000 0.0000 1.1695 1.1697 1.1696 1.1693 1.1586 1.1510 1.1398)
(11.0000 0.0000 1.1698 1.1701 1.1698 1.1697 1.1587 1.1511 1.1399)
(12.0000 0.0000 1.1707 1.1727 1.1724 1.1724 1.1588 1.1514 1.1404)
(13.0000 0.0000 1.1722 1.1728 1.1732 1.1729 1.1595 1.1530 1.1427)
(14.0000 0.0000 1.1728 1.1750 1.1764 1.1737 1.1609 1.1537 1.1435)
(15.0000 0.0000 1.1751 1.1754 1.1760 1.1767 1.1619 1.1545 1.1441)
(16.0000 0.0000 1.1752 1.1756 1.1762 1.1769 1.1629 1.1554 1.1462)
(17.0000 0.0000 1.1755 1.1760 1.1763 1.1767 1.1643 1.1567 1.1465)
(18.0000 0.0000 1.1758 1.1763 1.1764 1.1766 1.1656 1.1580 1.1469)
(19.0000 0.0000 1.1762 1.1766 1.1765 1.1766 1.1656 1.1578 1.1471)
(20.0000 0.0000 1.1765 1.1768 1.1765 1.1765 1.1655 1.1577 1.1472)
(25.0000 0.0000 1.1782 1.1785 1.1782 1.1782 1.1672 1.1593 1.1489)
(30.0000 0.0000 1.1801 1.1803 1.1801 1.1801 1.1691 1.1613 1.1508)
(35.0000 0.0000 1.1822 1.1824 1.1822 1.1822 1.1713 1.1634 1.1529)
(40.0000 0.0000 1.1844 1.1846 1.1844 1.1844 1.1735 1.1657 1.1551)
(45.0000 0.0000 1.1866 1.1869 1.1867 1.1867 1.1758 1.1680 1.1574)
(50.0000 0.0000 1.1889 1.1891 1.1889 1.1889 1.1781 1.1703 1.1596)
(55.0000 0.0000 1.1910 1.1912 1.1910 1.1910 1.1802 1.1725 1.1618)
(60.0000 0.0000 1.1930 1.1931 1.1930 1.1930 1.1822 1.1745 1.1637)
(65.0000 0.0000 1.1947 1.1948 1.1947 1.1947 1.1840 1.1763 1.1655)
(70.0000 0.0000 1.1961 1.1962 1.1961 1.1961 1.1854 1.1778 1.1669)
(75.0000 0.0000 1.1971 1.1972 1.1972 1.1972 1.1865 1.1789 1.1679)
(80.0000 0.0000 1.1978 1.1979 1.1978 1.1978 1.1872 1.1797 1.1686)
(85.0000 0.0000 1.1980 1.1981 1.1980 1.1980 1.1875 1.1800 1.1688)
(90.0000 0.0000 1.1978 1.1978 1.1978 1.1978 1.1873 1.1798 1.1686)
(95.0000 0.0000 1.1980 1.1981 1.1980 1.1980 1.1875 1.1800 1.1688)
(100.0000 0.0000 1.1978 1.1979 1.1978 1.1978 1.1872 1.1797 1.1686)
(105.0000 0.0000 1.1971 1.1972 1.1972 1.1972 1.1865 1.1789 1.1679)
(110.0000 0.0000 1.1961 1.1962 1.1961 1.1961 1.1854 1.1778 1.1669)
(115.0000 0.0000 1.1947 1.1948 1.1947 1.1947 1.1840 1.1763 1.1655)
(120.0000 0.0000 1.1930 1.1931 1.1930 1.1930 1.1822 1.1745 1.1637)
(125.0000 0.0000 1.1910 1.1912 1.1910 1.1910 1.1802 1.1725 1.1618)
(130.0000 0.0000 1.1889 1.1891 1.1889 1.1889 1.1781 1.1703 1.1596)
(135.0000 0.0000 1.1866 1.1869 1.1867 1.1867 1.1758 1.1680 1.1574)
(140.0000 0.0000 1.1844 1.1846 1.1844 1.1844 1.1735 1.1657 1.1551)
(145.0000 0.0000 1.1822 1.1824 1.1822 1.1822 1.1713 1.1634 1.1529)
(150.0000 0.0000 1.1801 1.1803 1.1801 1.1801 1.1691 1.1613 1.1508)
(155.0000 0.0000 1.1782 1.1785 1.1782 1.1782 1.1672 1.1593 1.1489)
(160.0000 0.0000 1.1765 1.1768 1.1765 1.1765 1.1655 1.1577 1.1472)
(161.4290 0.0000 1.1761 1.1764 1.1761 1.1761 1.1651 1.1572 1.1468)
(162.8570 0.0000 1.1757 1.1760 1.1757 1.1757 1.1647 1.1568 1.1464)
(164.2860 0.0000 1.1753 1.1756 1.1754 1.1754 1.1644 1.1565 1.1461)
(165.7140 0.0000 1.1750 1.1753 1.1750 1.1750 1.1640 1.1561 1.1457)
(167.1430 0.0000 1.1747 1.1750 1.1747 1.1747 1.1637 1.1558 1.1454)
(168.5710 0.0000 1.1744 1.1747 1.1744 1.1744 1.1634 1.1555 1.1452)
(170.0000 0.0000 1.1742 1.1745 1.1742 1.1742 1.1632 1.1553 1.1449)
(171.4290 0.0000 1.1740 1.1743 1.1740 1.1740 1.1630 1.1551 1.1447)
(172.8570 0.0000 1.1738 1.1741 1.1738 1.1738 1.1628 1.1549 1.1445)
(174.2860 0.0000 1.1736 1.1739 1.1737 1.1736 1.1626 1.1547 1.1444)
(175.7140 0.0000 1.1735 1.1738 1.1735 1.1735 1.1625 1.1546 1.1442)
(177.1430 0.0000 1.1734 1.1737 1.1735 1.1734 1.1624 1.1545 1.1442)
(178.5710 0.0000 1.1734 1.1737 1.1734 1.1734 1.1624 1.1545 1.1441)
(180.0000 0.0000 1.1734 1.1737 1.1734 1.1734 1.1624 1.1545 1.1441)
