// Drag coefficient polar, from OC6 Phase III
// alpha[deg] 
// Re = 0.0E+0 5.0E+04 6.0E+04 7.5E+04 1.0E+05 1.5E+05 1.7E+05 2.0E+05 
(-180.0000 0.0000 0.1938 0.2057 0.1945 0.1943 0.1744 0.1584 0.1912)
(-178.5710 0.0000 0.1945 0.2064 0.1952 0.1950 0.1750 0.1591 0.1919)
(-177.1430 0.0000 0.1964 0.2082 0.1971 0.1969 0.1769 0.1610 0.1938)
(-175.7140 0.0000 0.1995 0.2114 0.2002 0.2000 0.1801 0.1642 0.1969)
(-174.2860 0.0000 0.2040 0.2158 0.2046 0.2045 0.1846 0.1687 0.2014)
(-172.8570 0.0000 0.2096 0.2214 0.2103 0.2101 0.1903 0.1745 0.2070)
(-171.4290 0.0000 0.2165 0.2282 0.2172 0.2170 0.1972 0.1815 0.2139)
(-170.0000 0.0000 0.2246 0.2363 0.2252 0.2251 0.2054 0.1897 0.2220)
(-168.5710 0.0000 0.2339 0.2455 0.2345 0.2343 0.2148 0.1992 0.2313)
(-167.1430 0.0000 0.2443 0.2559 0.2450 0.2448 0.2253 0.2098 0.2417)
(-165.7140 0.0000 0.2559 0.2674 0.2565 0.2563 0.2370 0.2216 0.2533)
(-164.2860 0.0000 0.2685 0.2800 0.2692 0.2690 0.2498 0.2345 0.2660)
(-162.8570 0.0000 0.2823 0.2936 0.2829 0.2828 0.2637 0.2484 0.2798)
(-161.4290 0.0000 0.2971 0.3083 0.2977 0.2975 0.2786 0.2635 0.2946)
(-160.0000 0.0000 0.3128 0.3240 0.3135 0.3133 0.2945 0.2795 0.3104)
(-155.0000 0.0000 0.3752 0.3859 0.3758 0.3756 0.3575 0.3431 0.3728)
(-150.0000 0.0000 0.4471 0.4574 0.4477 0.4475 0.4302 0.4164 0.4449)
(-145.0000 0.0000 0.5263 0.5360 0.5268 0.5267 0.5103 0.4972 0.5241)
(-140.0000 0.0000 0.6100 0.6191 0.6105 0.6104 0.5951 0.5829 0.6080)
(-135.0000 0.0000 0.6955 0.7039 0.6960 0.6959 0.6818 0.6705 0.6937)
(-130.0000 0.0000 0.7800 0.7877 0.7805 0.7804 0.7675 0.7573 0.7784)
(-125.0000 0.0000 0.8607 0.8675 0.8611 0.8610 0.8495 0.8404 0.8592)
(-120.0000 0.0000 0.9346 0.9406 0.9350 0.9349 0.9249 0.9169 0.9333)
(-115.0000 0.0000 0.9994 1.0044 0.9997 0.9996 0.9911 0.9844 0.9983)
(-110.0000 0.0000 1.0526 1.0566 1.0528 1.0528 1.0459 1.0405 1.0517)
(-105.0000 0.0000 1.0923 1.0954 1.0925 1.0924 1.0872 1.0831 1.0916)
(-100.0000 0.0000 1.1169 1.1190 1.1170 1.1170 1.1135 1.1108 1.1165)
(-95.0000 0.0000 1.1253 1.1264 1.1254 1.1254 1.1236 1.1223 1.1251)
(-90.0000 0.0000 1.1169 1.1169 1.1169 1.1169 1.1169 1.1169 1.1169)
(-85.0000 0.0000 1.1253 1.1264 1.1254 1.1254 1.1236 1.1223 1.1251)
(-80.0000 0.0000 1.1169 1.1190 1.1170 1.1170 1.1135 1.1108 1.1165)
(-75.0000 0.0000 1.0923 1.0954 1.0925 1.0924 1.0872 1.0831 1.0916)
(-70.0000 0.0000 1.0526 1.0566 1.0528 1.0528 1.0459 1.0405 1.0517)
(-65.0000 0.0000 0.9994 1.0044 0.9997 0.9996 0.9911 0.9844 0.9983)
(-60.0000 0.0000 0.9346 0.9406 0.9350 0.9349 0.9249 0.9169 0.9333)
(-55.0000 0.0000 0.8607 0.8675 0.8611 0.8610 0.8495 0.8404 0.8592)
(-50.0000 0.0000 0.7800 0.7877 0.7805 0.7804 0.7675 0.7573 0.7784)
(-45.0000 0.0000 0.6955 0.7039 0.6960 0.6959 0.6818 0.6705 0.6937)
(-40.0000 0.0000 0.6100 0.6191 0.6105 0.6104 0.5951 0.5829 0.6080)
(-35.0000 0.0000 0.5263 0.5360 0.5268 0.5267 0.5103 0.4972 0.5241)
(-30.0000 0.0000 0.4471 0.4574 0.4477 0.4475 0.4302 0.4164 0.4449)
(-25.0000 0.0000 0.3752 0.3859 0.3758 0.3756 0.3575 0.3431 0.3728)
(-20.0000 0.0000 0.3128 0.3240 0.3135 0.3133 0.2945 0.2795 0.3104)
(-19.2860 0.0000 0.3000 0.3105 0.3011 0.3006 0.2829 0.2692 0.2979)
(-18.5710 0.0000 0.2872 0.2970 0.2887 0.2880 0.2713 0.2588 0.2854)
(-17.8570 0.0000 0.2744 0.2835 0.2763 0.2753 0.2597 0.2484 0.2729)
(-17.1430 0.0000 0.2617 0.2700 0.2639 0.2626 0.2482 0.2380 0.2604)
(-16.4290 0.0000 0.2489 0.2565 0.2515 0.2500 0.2366 0.2276 0.2479)
(-15.7140 0.0000 0.2361 0.2430 0.2392 0.2373 0.2250 0.2172 0.2354)
(-15.0000 0.0000 0.2233 0.2295 0.2268 0.2246 0.2134 0.2068 0.2229)
(-14.2860 0.0000 0.2105 0.2160 0.2144 0.2120 0.2018 0.1965 0.2105)
(-13.5710 0.0000 0.1977 0.2025 0.2020 0.1993 0.1902 0.1861 0.1980)
(-12.8570 0.0000 0.1849 0.1890 0.1896 0.1866 0.1787 0.1757 0.1855)
(-12.1430 0.0000 0.1721 0.1755 0.1772 0.1740 0.1671 0.1653 0.1730)
(-11.4290 0.0000 0.1594 0.1620 0.1649 0.1613 0.1555 0.1549 0.1605)
(-10.0000 0.0000 0.1099 0.1113 0.1191 0.1197 0.1209 0.1234 0.1254)
(-9.0000 0.0000 0.1031 0.1084 0.1140 0.1158 0.1162 0.1171 0.1195)
(-8.0000 0.0000 0.0957 0.1048 0.1083 0.1112 0.1107 0.1100 0.1131)
(-7.0000 0.0000 0.0879 0.0952 0.0983 0.1016 0.0993 0.0986 0.0961)
(-6.0000 0.0000 0.0795 0.0843 0.0872 0.0915 0.0874 0.0867 0.0777)
(-5.0000 0.0000 0.0591 0.0675 0.0647 0.0635 0.0585 0.0568 0.0512)
(-4.0000 0.0000 0.0386 0.0467 0.0436 0.0356 0.0300 0.0271 0.0251)
(-3.0000 0.0000 0.0334 0.0422 0.0388 0.0298 0.0243 0.0218 0.0212)
(-2.0000 0.0000 0.0282 0.0377 0.0339 0.0242 0.0188 0.0166 0.0174)
(-1.0000 0.0000 0.0260 0.0388 0.0346 0.0219 0.0170 0.0156 0.0155)
(0.0000 0.0000 0.0240 0.0398 0.0352 0.0198 0.0151 0.0145 0.0136)
(1.0000 0.0000 0.0301 0.0411 0.0391 0.0179 0.0137 0.0128 0.0128)
(2.0000 0.0000 0.0389 0.0416 0.0379 0.0165 0.0142 0.0134 0.0134)
(3.0000 0.0000 0.0315 0.0385 0.0367 0.0186 0.0148 0.0141 0.0142)
(4.0000 0.0000 0.0308 0.0375 0.0351 0.0202 0.0158 0.0150 0.0152)
(5.0000 0.0000 0.0310 0.0364 0.0342 0.0224 0.0172 0.0163 0.0164)
(6.0000 0.0000 0.0314 0.0368 0.0329 0.0227 0.0189 0.0178 0.0179)
(7.0000 0.0000 0.0359 0.0390 0.0343 0.0235 0.0209 0.0197 0.0196)
(8.0000 0.0000 0.0424 0.0447 0.0393 0.0273 0.0234 0.0221 0.0223)
(9.0000 0.0000 0.0443 0.0473 0.0430 0.0314 0.0269 0.0252 0.0253)
(10.0000 0.0000 0.0461 0.0539 0.0501 0.0378 0.0297 0.0285 0.0282)
(11.0000 0.0000 0.0554 0.0693 0.0571 0.0510 0.0328 0.0308 0.0296)
(12.0000 0.0000 0.0879 0.1611 0.1495 0.1515 0.0362 0.0374 0.0491)
(13.0000 0.0000 0.1418 0.1633 0.1781 0.1648 0.0586 0.0951 0.1318)
(14.0000 0.0000 0.1584 0.2396 0.2930 0.1925 0.1071 0.1163 0.1566)
(15.0000 0.0000 0.2417 0.2485 0.2722 0.2996 0.1393 0.1431 0.1755)
(16.0000 0.0000 0.2440 0.2540 0.2781 0.3032 0.1731 0.1724 0.2488)
(17.0000 0.0000 0.2499 0.2654 0.2779 0.2931 0.2233 0.2200 0.2582)
(18.0000 0.0000 0.2559 0.2692 0.2754 0.2832 0.2678 0.2616 0.2667)
(19.0000 0.0000 0.2662 0.2764 0.2739 0.2777 0.2618 0.2511 0.2692)
(20.0000 0.0000 0.2734 0.2805 0.2703 0.2706 0.2548 0.2399 0.2695)
(25.0000 0.0000 0.3103 0.3170 0.3068 0.3065 0.2913 0.2771 0.3056)
(30.0000 0.0000 0.3566 0.3631 0.3530 0.3521 0.3377 0.3240 0.3513)
(35.0000 0.0000 0.4118 0.4181 0.4082 0.4070 0.3932 0.3803 0.4062)
(40.0000 0.0000 0.4750 0.4811 0.4716 0.4700 0.4570 0.4449 0.4692)
(45.0000 0.0000 0.5447 0.5506 0.5416 0.5397 0.5276 0.5164 0.5389)
(50.0000 0.0000 0.6194 0.6249 0.6165 0.6146 0.6033 0.5931 0.6136)
(55.0000 0.0000 0.6970 0.7021 0.6945 0.6925 0.6821 0.6730 0.6913)
(60.0000 0.0000 0.7757 0.7802 0.7735 0.7716 0.7622 0.7542 0.7702)
(65.0000 0.0000 0.8532 0.8572 0.8514 0.8496 0.8414 0.8346 0.8482)
(70.0000 0.0000 0.9274 0.9307 0.9260 0.9245 0.9176 0.9121 0.9230)
(75.0000 0.0000 0.9959 0.9985 0.9949 0.9938 0.9884 0.9842 0.9925)
(80.0000 0.0000 1.0558 1.0576 1.0552 1.0545 1.0508 1.0479 1.0535)
(85.0000 0.0000 1.1017 1.1026 1.1015 1.1012 1.0993 1.0979 1.1007)
(90.0000 0.0000 1.1169 1.1169 1.1169 1.1169 1.1169 1.1169 1.1169)
(95.0000 0.0000 1.1253 1.1264 1.1254 1.1254 1.1236 1.1223 1.1251)
(100.0000 0.0000 1.1169 1.1190 1.1170 1.1170 1.1135 1.1108 1.1165)
(105.0000 0.0000 1.0923 1.0954 1.0925 1.0924 1.0872 1.0831 1.0916)
(110.0000 0.0000 1.0526 1.0566 1.0528 1.0528 1.0459 1.0405 1.0517)
(115.0000 0.0000 0.9994 1.0044 0.9997 0.9996 0.9911 0.9844 0.9983)
(120.0000 0.0000 0.9346 0.9406 0.9350 0.9349 0.9249 0.9169 0.9333)
(125.0000 0.0000 0.8607 0.8675 0.8611 0.8610 0.8495 0.8404 0.8592)
(130.0000 0.0000 0.7800 0.7877 0.7805 0.7804 0.7675 0.7573 0.7784)
(135.0000 0.0000 0.6955 0.7039 0.6960 0.6959 0.6818 0.6705 0.6937)
(140.0000 0.0000 0.6100 0.6191 0.6105 0.6104 0.5951 0.5829 0.6080)
(145.0000 0.0000 0.5263 0.5360 0.5268 0.5267 0.5103 0.4972 0.5241)
(150.0000 0.0000 0.4471 0.4574 0.4477 0.4475 0.4302 0.4164 0.4449)
(155.0000 0.0000 0.3752 0.3859 0.3758 0.3756 0.3575 0.3431 0.3728)
(160.0000 0.0000 0.3128 0.3240 0.3135 0.3133 0.2945 0.2795 0.3104)
(161.4290 0.0000 0.2971 0.3083 0.2977 0.2975 0.2786 0.2635 0.2946)
(162.8570 0.0000 0.2823 0.2936 0.2829 0.2828 0.2637 0.2484 0.2798)
(164.2860 0.0000 0.2685 0.2800 0.2692 0.2690 0.2498 0.2345 0.2660)
(165.7140 0.0000 0.2559 0.2674 0.2565 0.2563 0.2370 0.2216 0.2533)
(167.1430 0.0000 0.2443 0.2559 0.2450 0.2448 0.2253 0.2098 0.2417)
(168.5710 0.0000 0.2339 0.2455 0.2345 0.2343 0.2148 0.1992 0.2313)
(170.0000 0.0000 0.2246 0.2363 0.2252 0.2251 0.2054 0.1897 0.2220)
(171.4290 0.0000 0.2165 0.2282 0.2172 0.2170 0.1972 0.1815 0.2139)
(172.8570 0.0000 0.2096 0.2214 0.2103 0.2101 0.1903 0.1745 0.2070)
(174.2860 0.0000 0.2040 0.2158 0.2046 0.2045 0.1846 0.1687 0.2014)
(175.7140 0.0000 0.1995 0.2114 0.2002 0.2000 0.1801 0.1642 0.1969)
(177.1430 0.0000 0.1964 0.2082 0.1971 0.1969 0.1769 0.1610 0.1938)
(178.5710 0.0000 0.1945 0.2064 0.1952 0.1950 0.1750 0.1591 0.1919)
(180.0000 0.0000 0.1938 0.2057 0.1945 0.1943 0.1744 0.1584 0.1912)
