// Drag coefficient polar, from OC6 Phase III
// alpha[deg] 
// Re = 0.0E+0 5.0E+04 6.0E+04 7.5E+04 1.0E+05 1.5E+05 1.7E+05 2.0E+05 
(-180.0000 0.0000 0.1938 0.2057 0.1945 0.1943 0.1744 0.1584 0.1912)
(-178.5710 0.0000 0.1945 0.2064 0.1952 0.1950 0.1750 0.1591 0.1919)
(-177.1430 0.0000 0.1964 0.2082 0.1971 0.1969 0.1769 0.1610 0.1938)
(-175.7140 0.0000 0.1995 0.2114 0.2002 0.2000 0.1801 0.1642 0.1969)
(-174.2860 0.0000 0.2040 0.2158 0.2046 0.2045 0.1846 0.1687 0.2014)
(-172.8570 0.0000 0.2096 0.2214 0.2103 0.2101 0.1903 0.1745 0.2070)
(-171.4290 0.0000 0.2165 0.2282 0.2172 0.2170 0.1972 0.1815 0.2139)
(-170.0000 0.0000 0.2246 0.2363 0.2252 0.2251 0.2054 0.1897 0.2220)
(-168.5710 0.0000 0.2339 0.2455 0.2345 0.2343 0.2148 0.1992 0.2313)
(-167.1430 0.0000 0.2443 0.2559 0.2450 0.2448 0.2253 0.2098 0.2417)
(-165.7140 0.0000 0.2559 0.2674 0.2565 0.2563 0.2370 0.2216 0.2533)
(-164.2860 0.0000 0.2685 0.2800 0.2692 0.2690 0.2498 0.2345 0.2660)
(-162.8570 0.0000 0.2823 0.2936 0.2829 0.2828 0.2637 0.2484 0.2798)
(-161.4290 0.0000 0.2971 0.3083 0.2977 0.2975 0.2786 0.2635 0.2946)
(-160.0000 0.0000 0.3128 0.3240 0.3135 0.3133 0.2945 0.2795 0.3104)
(-155.0000 0.0000 0.3752 0.3859 0.3758 0.3756 0.3575 0.3431 0.3728)
(-150.0000 0.0000 0.4471 0.4574 0.4477 0.4475 0.4302 0.4164 0.4449)
(-145.0000 0.0000 0.5263 0.5360 0.5268 0.5267 0.5103 0.4972 0.5241)
(-140.0000 0.0000 0.6100 0.6191 0.6105 0.6104 0.5951 0.5829 0.6080)
(-135.0000 0.0000 0.6955 0.7039 0.6960 0.6959 0.6818 0.6705 0.6937)
(-130.0000 0.0000 0.7800 0.7877 0.7805 0.7804 0.7675 0.7573 0.7784)
(-125.0000 0.0000 0.8607 0.8675 0.8611 0.8610 0.8495 0.8404 0.8592)
(-120.0000 0.0000 0.9346 0.9406 0.9350 0.9349 0.9249 0.9169 0.9333)
(-115.0000 0.0000 0.9994 1.0044 0.9997 0.9996 0.9911 0.9844 0.9983)
(-110.0000 0.0000 1.0526 1.0566 1.0528 1.0528 1.0459 1.0405 1.0517)
(-105.0000 0.0000 1.0923 1.0954 1.0925 1.0924 1.0872 1.0831 1.0916)
(-100.0000 0.0000 1.1169 1.1190 1.1170 1.1170 1.1135 1.1108 1.1165)
(-95.0000 0.0000 1.1253 1.1264 1.1254 1.1254 1.1236 1.1223 1.1251)
(-90.0000 0.0000 1.1169 1.1169 1.1169 1.1169 1.1169 1.1169 1.1169)
(-85.0000 0.0000 1.1253 1.1264 1.1254 1.1254 1.1236 1.1223 1.1251)
(-80.0000 0.0000 1.1169 1.1190 1.1170 1.1170 1.1135 1.1108 1.1165)
(-75.0000 0.0000 1.0923 1.0954 1.0925 1.0924 1.0872 1.0831 1.0916)
(-70.0000 0.0000 1.0526 1.0566 1.0528 1.0528 1.0459 1.0405 1.0517)
(-65.0000 0.0000 0.9994 1.0044 0.9997 0.9996 0.9911 0.9844 0.9983)
(-60.0000 0.0000 0.9346 0.9406 0.9350 0.9349 0.9249 0.9169 0.9333)
(-55.0000 0.0000 0.8607 0.8675 0.8611 0.8610 0.8495 0.8404 0.8592)
(-50.0000 0.0000 0.7800 0.7877 0.7805 0.7804 0.7675 0.7573 0.7784)
(-45.0000 0.0000 0.6955 0.7039 0.6960 0.6959 0.6818 0.6705 0.6937)
(-40.0000 0.0000 0.6100 0.6191 0.6105 0.6104 0.5951 0.5829 0.6080)
(-35.0000 0.0000 0.5263 0.5360 0.5268 0.5267 0.5103 0.4972 0.5241)
(-30.0000 0.0000 0.4471 0.4574 0.4477 0.4475 0.4302 0.4164 0.4449)
(-25.0000 0.0000 0.3752 0.3859 0.3758 0.3756 0.3575 0.3431 0.3728)
(-20.0000 0.0000 0.3128 0.3240 0.3135 0.3133 0.2945 0.2795 0.3104)
(-19.2860 0.0000 0.3000 0.3105 0.3011 0.3006 0.2829 0.2692 0.2979)
(-18.5710 0.0000 0.2872 0.2970 0.2887 0.2880 0.2713 0.2588 0.2854)
(-17.8570 0.0000 0.2744 0.2835 0.2763 0.2753 0.2597 0.2484 0.2729)
(-17.1430 0.0000 0.2617 0.2700 0.2639 0.2626 0.2482 0.2380 0.2604)
(-16.4290 0.0000 0.2489 0.2565 0.2515 0.2500 0.2366 0.2276 0.2479)
(-15.7140 0.0000 0.2361 0.2430 0.2392 0.2373 0.2250 0.2172 0.2354)
(-15.0000 0.0000 0.2233 0.2295 0.2268 0.2246 0.2134 0.2068 0.2229)
(-14.2860 0.0000 0.2105 0.2160 0.2144 0.2120 0.2018 0.1965 0.2105)
(-13.5710 0.0000 0.1977 0.2025 0.2020 0.1993 0.1902 0.1861 0.1980)
(-12.8570 0.0000 0.1849 0.1890 0.1896 0.1866 0.1787 0.1757 0.1855)
(-12.1430 0.0000 0.1721 0.1755 0.1772 0.1740 0.1671 0.1653 0.1730)
(-11.4290 0.0000 0.1594 0.1620 0.1649 0.1613 0.1555 0.1549 0.1605)
(-10.0000 0.0000 0.1148 0.1162 0.1234 0.1230 0.1233 0.1256 0.1275)
(-9.0000 0.0000 0.1067 0.1120 0.1171 0.1179 0.1173 0.1180 0.1203)
(-8.0000 0.0000 0.0982 0.1073 0.1103 0.1122 0.1107 0.1098 0.1128)
(-7.0000 0.0000 0.0895 0.0967 0.0993 0.1018 0.0985 0.0978 0.0953)
(-6.0000 0.0000 0.0804 0.0849 0.0874 0.0909 0.0860 0.0853 0.0765)
(-5.0000 0.0000 0.0598 0.0680 0.0648 0.0630 0.0576 0.0559 0.0505)
(-4.0000 0.0000 0.0391 0.0470 0.0437 0.0352 0.0294 0.0267 0.0249)
(-3.0000 0.0000 0.0338 0.0425 0.0388 0.0295 0.0240 0.0216 0.0211)
(-2.0000 0.0000 0.0284 0.0379 0.0339 0.0239 0.0189 0.0167 0.0174)
(-1.0000 0.0000 0.0261 0.0389 0.0346 0.0218 0.0170 0.0156 0.0155)
(0.0000 0.0000 0.0240 0.0398 0.0352 0.0198 0.0151 0.0145 0.0136)
(1.0000 0.0000 0.0301 0.0411 0.0392 0.0179 0.0138 0.0128 0.0128)
(2.0000 0.0000 0.0389 0.0417 0.0380 0.0164 0.0142 0.0134 0.0134)
(3.0000 0.0000 0.0316 0.0386 0.0368 0.0185 0.0148 0.0142 0.0142)
(4.0000 0.0000 0.0309 0.0376 0.0351 0.0201 0.0158 0.0150 0.0152)
(5.0000 0.0000 0.0310 0.0364 0.0342 0.0223 0.0172 0.0163 0.0164)
(6.0000 0.0000 0.0314 0.0368 0.0328 0.0227 0.0189 0.0178 0.0179)
(7.0000 0.0000 0.0359 0.0390 0.0343 0.0235 0.0209 0.0197 0.0196)
(8.0000 0.0000 0.0425 0.0447 0.0394 0.0274 0.0234 0.0221 0.0224)
(9.0000 0.0000 0.0444 0.0475 0.0432 0.0316 0.0270 0.0252 0.0254)
(10.0000 0.0000 0.0463 0.0542 0.0504 0.0381 0.0299 0.0286 0.0284)
(11.0000 0.0000 0.0559 0.0699 0.0576 0.0517 0.0332 0.0312 0.0300)
(12.0000 0.0000 0.0890 0.1624 0.1510 0.1529 0.0370 0.0382 0.0500)
(13.0000 0.0000 0.1437 0.1653 0.1801 0.1670 0.0600 0.0967 0.1336)
(14.0000 0.0000 0.1610 0.2429 0.2961 0.1955 0.1095 0.1187 0.1592)
(15.0000 0.0000 0.2451 0.2527 0.2762 0.3034 0.1425 0.1464 0.1789)
(16.0000 0.0000 0.2483 0.2590 0.2830 0.3079 0.1772 0.1765 0.2532)
(17.0000 0.0000 0.2550 0.2713 0.2837 0.2988 0.2284 0.2250 0.2635)
(18.0000 0.0000 0.2620 0.2761 0.2822 0.2899 0.2738 0.2676 0.2730)
(19.0000 0.0000 0.2732 0.2843 0.2816 0.2853 0.2689 0.2581 0.2765)
(20.0000 0.0000 0.2815 0.2893 0.2791 0.2793 0.2629 0.2480 0.2778)
(25.0000 0.0000 0.3235 0.3311 0.3209 0.3206 0.3048 0.2905 0.3193)
(30.0000 0.0000 0.3750 0.3823 0.3723 0.3716 0.3565 0.3429 0.3704)
(35.0000 0.0000 0.4351 0.4422 0.4324 0.4314 0.4171 0.4042 0.4303)
(40.0000 0.0000 0.5025 0.5093 0.4999 0.4986 0.4852 0.4731 0.4975)
(45.0000 0.0000 0.5755 0.5819 0.5731 0.5716 0.5590 0.5479 0.5705)
(50.0000 0.0000 0.6522 0.6581 0.6500 0.6484 0.6368 0.6266 0.6472)
(55.0000 0.0000 0.7304 0.7359 0.7285 0.7269 0.7163 0.7072 0.7256)
(60.0000 0.0000 0.8081 0.8130 0.8064 0.8049 0.7954 0.7874 0.8035)
(65.0000 0.0000 0.8830 0.8872 0.8816 0.8802 0.8719 0.8652 0.8788)
(70.0000 0.0000 0.9529 0.9564 0.9518 0.9507 0.9437 0.9383 0.9493)
(75.0000 0.0000 1.0156 1.0182 1.0148 1.0139 1.0085 1.0044 1.0127)
(80.0000 0.0000 1.0683 1.0701 1.0678 1.0673 1.0636 1.0608 1.0664)
(85.0000 0.0000 1.1065 1.1075 1.1064 1.1061 1.1043 1.1029 1.1057)
(90.0000 0.0000 1.1169 1.1169 1.1169 1.1169 1.1169 1.1169 1.1169)
(95.0000 0.0000 1.1253 1.1264 1.1254 1.1254 1.1236 1.1223 1.1251)
(100.0000 0.0000 1.1169 1.1190 1.1170 1.1170 1.1135 1.1108 1.1165)
(105.0000 0.0000 1.0923 1.0954 1.0925 1.0924 1.0872 1.0831 1.0916)
(110.0000 0.0000 1.0526 1.0566 1.0528 1.0528 1.0459 1.0405 1.0517)
(115.0000 0.0000 0.9994 1.0044 0.9997 0.9996 0.9911 0.9844 0.9983)
(120.0000 0.0000 0.9346 0.9406 0.9350 0.9349 0.9249 0.9169 0.9333)
(125.0000 0.0000 0.8607 0.8675 0.8611 0.8610 0.8495 0.8404 0.8592)
(130.0000 0.0000 0.7800 0.7877 0.7805 0.7804 0.7675 0.7573 0.7784)
(135.0000 0.0000 0.6955 0.7039 0.6960 0.6959 0.6818 0.6705 0.6937)
(140.0000 0.0000 0.6100 0.6191 0.6105 0.6104 0.5951 0.5829 0.6080)
(145.0000 0.0000 0.5263 0.5360 0.5268 0.5267 0.5103 0.4972 0.5241)
(150.0000 0.0000 0.4471 0.4574 0.4477 0.4475 0.4302 0.4164 0.4449)
(155.0000 0.0000 0.3752 0.3859 0.3758 0.3756 0.3575 0.3431 0.3728)
(160.0000 0.0000 0.3128 0.3240 0.3135 0.3133 0.2945 0.2795 0.3104)
(161.4290 0.0000 0.2971 0.3083 0.2977 0.2975 0.2786 0.2635 0.2946)
(162.8570 0.0000 0.2823 0.2936 0.2829 0.2828 0.2637 0.2484 0.2798)
(164.2860 0.0000 0.2685 0.2800 0.2692 0.2690 0.2498 0.2345 0.2660)
(165.7140 0.0000 0.2559 0.2674 0.2565 0.2563 0.2370 0.2216 0.2533)
(167.1430 0.0000 0.2443 0.2559 0.2450 0.2448 0.2253 0.2098 0.2417)
(168.5710 0.0000 0.2339 0.2455 0.2345 0.2343 0.2148 0.1992 0.2313)
(170.0000 0.0000 0.2246 0.2363 0.2252 0.2251 0.2054 0.1897 0.2220)
(171.4290 0.0000 0.2165 0.2282 0.2172 0.2170 0.1972 0.1815 0.2139)
(172.8570 0.0000 0.2096 0.2214 0.2103 0.2101 0.1903 0.1745 0.2070)
(174.2860 0.0000 0.2040 0.2158 0.2046 0.2045 0.1846 0.1687 0.2014)
(175.7140 0.0000 0.1995 0.2114 0.2002 0.2000 0.1801 0.1642 0.1969)
(177.1430 0.0000 0.1964 0.2082 0.1971 0.1969 0.1769 0.1610 0.1938)
(178.5710 0.0000 0.1945 0.2064 0.1952 0.1950 0.1750 0.1591 0.1919)
(180.0000 0.0000 0.1938 0.2057 0.1945 0.1943 0.1744 0.1584 0.1912)
