// Drag coefficient polar, from OC6 Phase III
// alpha[deg] 
// Re = 0.0E+0 5.0E+04 6.0E+04 7.5E+04 1.0E+05 1.5E+05 1.7E+05 2.0E+05 
(-180.0000 0.0000 0.1938 0.2057 0.1945 0.1943 0.1744 0.1584 0.1912)
(-178.5710 0.0000 0.1945 0.2064 0.1952 0.1950 0.1750 0.1591 0.1919)
(-177.1430 0.0000 0.1964 0.2082 0.1971 0.1969 0.1769 0.1610 0.1938)
(-175.7140 0.0000 0.1995 0.2114 0.2002 0.2000 0.1801 0.1642 0.1969)
(-174.2860 0.0000 0.2040 0.2158 0.2046 0.2045 0.1846 0.1687 0.2014)
(-172.8570 0.0000 0.2096 0.2214 0.2103 0.2101 0.1903 0.1745 0.2070)
(-171.4290 0.0000 0.2165 0.2282 0.2172 0.2170 0.1972 0.1815 0.2139)
(-170.0000 0.0000 0.2246 0.2363 0.2252 0.2251 0.2054 0.1897 0.2220)
(-168.5710 0.0000 0.2339 0.2455 0.2345 0.2343 0.2148 0.1992 0.2313)
(-167.1430 0.0000 0.2443 0.2559 0.2450 0.2448 0.2253 0.2098 0.2417)
(-165.7140 0.0000 0.2559 0.2674 0.2565 0.2563 0.2370 0.2216 0.2533)
(-164.2860 0.0000 0.2685 0.2800 0.2692 0.2690 0.2498 0.2345 0.2660)
(-162.8570 0.0000 0.2823 0.2936 0.2829 0.2828 0.2637 0.2484 0.2798)
(-161.4290 0.0000 0.2971 0.3083 0.2977 0.2975 0.2786 0.2635 0.2946)
(-160.0000 0.0000 0.3128 0.3240 0.3135 0.3133 0.2945 0.2795 0.3104)
(-155.0000 0.0000 0.3752 0.3859 0.3758 0.3756 0.3575 0.3431 0.3728)
(-150.0000 0.0000 0.4471 0.4574 0.4477 0.4475 0.4302 0.4164 0.4449)
(-145.0000 0.0000 0.5263 0.5360 0.5268 0.5267 0.5103 0.4972 0.5241)
(-140.0000 0.0000 0.6100 0.6191 0.6105 0.6104 0.5951 0.5829 0.6080)
(-135.0000 0.0000 0.6955 0.7039 0.6960 0.6959 0.6818 0.6705 0.6937)
(-130.0000 0.0000 0.7800 0.7877 0.7805 0.7804 0.7675 0.7573 0.7784)
(-125.0000 0.0000 0.8607 0.8675 0.8611 0.8610 0.8495 0.8404 0.8592)
(-120.0000 0.0000 0.9346 0.9406 0.9350 0.9349 0.9249 0.9169 0.9333)
(-115.0000 0.0000 0.9994 1.0044 0.9997 0.9996 0.9911 0.9844 0.9983)
(-110.0000 0.0000 1.0526 1.0566 1.0528 1.0528 1.0459 1.0405 1.0517)
(-105.0000 0.0000 1.0923 1.0954 1.0925 1.0924 1.0872 1.0831 1.0916)
(-100.0000 0.0000 1.1169 1.1190 1.1170 1.1170 1.1135 1.1108 1.1165)
(-95.0000 0.0000 1.1253 1.1264 1.1254 1.1254 1.1236 1.1223 1.1251)
(-90.0000 0.0000 1.1169 1.1169 1.1169 1.1169 1.1169 1.1169 1.1169)
(-85.0000 0.0000 1.1253 1.1264 1.1254 1.1254 1.1236 1.1223 1.1251)
(-80.0000 0.0000 1.1169 1.1190 1.1170 1.1170 1.1135 1.1108 1.1165)
(-75.0000 0.0000 1.0923 1.0954 1.0925 1.0924 1.0872 1.0831 1.0916)
(-70.0000 0.0000 1.0526 1.0566 1.0528 1.0528 1.0459 1.0405 1.0517)
(-65.0000 0.0000 0.9994 1.0044 0.9997 0.9996 0.9911 0.9844 0.9983)
(-60.0000 0.0000 0.9346 0.9406 0.9350 0.9349 0.9249 0.9169 0.9333)
(-55.0000 0.0000 0.8607 0.8675 0.8611 0.8610 0.8495 0.8404 0.8592)
(-50.0000 0.0000 0.7800 0.7877 0.7805 0.7804 0.7675 0.7573 0.7784)
(-45.0000 0.0000 0.6955 0.7039 0.6960 0.6959 0.6818 0.6705 0.6937)
(-40.0000 0.0000 0.6100 0.6191 0.6105 0.6104 0.5951 0.5829 0.6080)
(-35.0000 0.0000 0.5263 0.5360 0.5268 0.5267 0.5103 0.4972 0.5241)
(-30.0000 0.0000 0.4471 0.4574 0.4477 0.4475 0.4302 0.4164 0.4449)
(-25.0000 0.0000 0.3752 0.3859 0.3758 0.3756 0.3575 0.3431 0.3728)
(-20.0000 0.0000 0.3128 0.3240 0.3135 0.3133 0.2945 0.2795 0.3104)
(-19.2860 0.0000 0.3000 0.3105 0.3011 0.3006 0.2829 0.2692 0.2979)
(-18.5710 0.0000 0.2872 0.2970 0.2887 0.2880 0.2713 0.2588 0.2854)
(-17.8570 0.0000 0.2744 0.2835 0.2763 0.2753 0.2597 0.2484 0.2729)
(-17.1430 0.0000 0.2617 0.2700 0.2639 0.2626 0.2482 0.2380 0.2604)
(-16.4290 0.0000 0.2489 0.2565 0.2515 0.2500 0.2366 0.2276 0.2479)
(-15.7140 0.0000 0.2361 0.2430 0.2392 0.2373 0.2250 0.2172 0.2354)
(-15.0000 0.0000 0.2233 0.2295 0.2268 0.2246 0.2134 0.2068 0.2229)
(-14.2860 0.0000 0.2105 0.2160 0.2144 0.2120 0.2018 0.1965 0.2105)
(-13.5710 0.0000 0.1977 0.2025 0.2020 0.1993 0.1902 0.1861 0.1980)
(-12.8570 0.0000 0.1849 0.1890 0.1896 0.1866 0.1787 0.1757 0.1855)
(-12.1430 0.0000 0.1721 0.1755 0.1772 0.1740 0.1671 0.1653 0.1730)
(-11.4290 0.0000 0.1594 0.1620 0.1649 0.1613 0.1555 0.1549 0.1605)
(-10.0000 0.0000 0.1373 0.1385 0.1432 0.1384 0.1340 0.1357 0.1370)
(-9.0000 0.0000 0.1236 0.1287 0.1314 0.1276 0.1223 0.1224 0.1240)
(-8.0000 0.0000 0.1100 0.1189 0.1198 0.1169 0.1107 0.1092 0.1114)
(-7.0000 0.0000 0.0971 0.1037 0.1043 0.1025 0.0951 0.0939 0.0915)
(-6.0000 0.0000 0.0843 0.0880 0.0885 0.0882 0.0795 0.0788 0.0709)
(-5.0000 0.0000 0.0628 0.0702 0.0655 0.0607 0.0532 0.0517 0.0473)
(-4.0000 0.0000 0.0413 0.0487 0.0441 0.0332 0.0268 0.0246 0.0237)
(-3.0000 0.0000 0.0354 0.0437 0.0390 0.0280 0.0229 0.0208 0.0206)
(-2.0000 0.0000 0.0295 0.0387 0.0340 0.0229 0.0190 0.0169 0.0174)
(-1.0000 0.0000 0.0267 0.0392 0.0346 0.0214 0.0171 0.0157 0.0155)
(0.0000 0.0000 0.0240 0.0398 0.0352 0.0198 0.0151 0.0145 0.0136)
(1.0000 0.0000 0.0299 0.0411 0.0396 0.0178 0.0138 0.0129 0.0129)
(2.0000 0.0000 0.0388 0.0423 0.0384 0.0161 0.0143 0.0134 0.0135)
(3.0000 0.0000 0.0320 0.0391 0.0370 0.0182 0.0148 0.0142 0.0142)
(4.0000 0.0000 0.0312 0.0378 0.0351 0.0197 0.0158 0.0151 0.0152)
(5.0000 0.0000 0.0311 0.0365 0.0341 0.0220 0.0172 0.0163 0.0164)
(6.0000 0.0000 0.0314 0.0368 0.0328 0.0225 0.0189 0.0178 0.0179)
(7.0000 0.0000 0.0359 0.0390 0.0344 0.0235 0.0209 0.0197 0.0196)
(8.0000 0.0000 0.0426 0.0450 0.0397 0.0278 0.0235 0.0222 0.0224)
(9.0000 0.0000 0.0450 0.0481 0.0440 0.0326 0.0273 0.0255 0.0256)
(10.0000 0.0000 0.0475 0.0555 0.0519 0.0399 0.0307 0.0293 0.0290)
(11.0000 0.0000 0.0581 0.0722 0.0602 0.0548 0.0348 0.0327 0.0316)
(12.0000 0.0000 0.0944 0.1684 0.1577 0.1599 0.0405 0.0418 0.0538)
(13.0000 0.0000 0.1522 0.1742 0.1892 0.1769 0.0668 0.1039 0.1416)
(14.0000 0.0000 0.1730 0.2582 0.3107 0.2091 0.1208 0.1298 0.1714)
(15.0000 0.0000 0.2608 0.2721 0.2949 0.3211 0.1576 0.1614 0.1950)
(16.0000 0.0000 0.2678 0.2824 0.3057 0.3297 0.1962 0.1954 0.2732)
(17.0000 0.0000 0.2786 0.2988 0.3106 0.3248 0.2517 0.2482 0.2878)
(18.0000 0.0000 0.2900 0.3080 0.3136 0.3205 0.3017 0.2953 0.3019)
(19.0000 0.0000 0.3058 0.3207 0.3176 0.3208 0.3016 0.2907 0.3102)
(20.0000 0.0000 0.3186 0.3304 0.3198 0.3196 0.3004 0.2854 0.3164)
(25.0000 0.0000 0.3847 0.3961 0.3859 0.3858 0.3673 0.3528 0.3827)
(30.0000 0.0000 0.4605 0.4713 0.4616 0.4616 0.4439 0.4301 0.4586)
(35.0000 0.0000 0.5431 0.5533 0.5443 0.5443 0.5275 0.5145 0.5415)
(40.0000 0.0000 0.6299 0.6394 0.6310 0.6311 0.6154 0.6032 0.6284)
(45.0000 0.0000 0.7178 0.7265 0.7188 0.7189 0.7045 0.6932 0.7165)
(50.0000 0.0000 0.8037 0.8117 0.8046 0.8048 0.7917 0.7815 0.8026)
(55.0000 0.0000 0.8848 0.8918 0.8856 0.8858 0.8741 0.8650 0.8839)
(60.0000 0.0000 0.9580 0.9642 0.9588 0.9589 0.9488 0.9409 0.9573)
(65.0000 0.0000 1.0209 1.0261 1.0215 1.0217 1.0132 1.0065 1.0204)
(70.0000 0.0000 1.0710 1.0752 1.0715 1.0716 1.0648 1.0594 1.0706)
(75.0000 0.0000 1.1065 1.1096 1.1068 1.1069 1.1018 1.0977 1.1062)
(80.0000 0.0000 1.1259 1.1280 1.1261 1.1262 1.1228 1.1200 1.1257)
(85.0000 0.0000 1.1288 1.1299 1.1289 1.1290 1.1272 1.1258 1.1287)
(90.0000 0.0000 1.1169 1.1169 1.1169 1.1169 1.1169 1.1169 1.1169)
(95.0000 0.0000 1.1253 1.1264 1.1254 1.1254 1.1236 1.1223 1.1251)
(100.0000 0.0000 1.1169 1.1190 1.1170 1.1170 1.1135 1.1108 1.1165)
(105.0000 0.0000 1.0923 1.0954 1.0925 1.0924 1.0872 1.0831 1.0916)
(110.0000 0.0000 1.0526 1.0566 1.0528 1.0528 1.0459 1.0405 1.0517)
(115.0000 0.0000 0.9994 1.0044 0.9997 0.9996 0.9911 0.9844 0.9983)
(120.0000 0.0000 0.9346 0.9406 0.9350 0.9349 0.9249 0.9169 0.9333)
(125.0000 0.0000 0.8607 0.8675 0.8611 0.8610 0.8495 0.8404 0.8592)
(130.0000 0.0000 0.7800 0.7877 0.7805 0.7804 0.7675 0.7573 0.7784)
(135.0000 0.0000 0.6955 0.7039 0.6960 0.6959 0.6818 0.6705 0.6937)
(140.0000 0.0000 0.6100 0.6191 0.6105 0.6104 0.5951 0.5829 0.6080)
(145.0000 0.0000 0.5263 0.5360 0.5268 0.5267 0.5103 0.4972 0.5241)
(150.0000 0.0000 0.4471 0.4574 0.4477 0.4475 0.4302 0.4164 0.4449)
(155.0000 0.0000 0.3752 0.3859 0.3758 0.3756 0.3575 0.3431 0.3728)
(160.0000 0.0000 0.3128 0.3240 0.3135 0.3133 0.2945 0.2795 0.3104)
(161.4290 0.0000 0.2971 0.3083 0.2977 0.2975 0.2786 0.2635 0.2946)
(162.8570 0.0000 0.2823 0.2936 0.2829 0.2828 0.2637 0.2484 0.2798)
(164.2860 0.0000 0.2685 0.2800 0.2692 0.2690 0.2498 0.2345 0.2660)
(165.7140 0.0000 0.2559 0.2674 0.2565 0.2563 0.2370 0.2216 0.2533)
(167.1430 0.0000 0.2443 0.2559 0.2450 0.2448 0.2253 0.2098 0.2417)
(168.5710 0.0000 0.2339 0.2455 0.2345 0.2343 0.2148 0.1992 0.2313)
(170.0000 0.0000 0.2246 0.2363 0.2252 0.2251 0.2054 0.1897 0.2220)
(171.4290 0.0000 0.2165 0.2282 0.2172 0.2170 0.1972 0.1815 0.2139)
(172.8570 0.0000 0.2096 0.2214 0.2103 0.2101 0.1903 0.1745 0.2070)
(174.2860 0.0000 0.2040 0.2158 0.2046 0.2045 0.1846 0.1687 0.2014)
(175.7140 0.0000 0.1995 0.2114 0.2002 0.2000 0.1801 0.1642 0.1969)
(177.1430 0.0000 0.1964 0.2082 0.1971 0.1969 0.1769 0.1610 0.1938)
(178.5710 0.0000 0.1945 0.2064 0.1952 0.1950 0.1750 0.1591 0.1919)
(180.0000 0.0000 0.1938 0.2057 0.1945 0.1943 0.1744 0.1584 0.1912)
