// Drag coefficient polar, from OC6 Phase III
// alpha[deg] 
// Re = 0.0E+0 5.0E+04 6.0E+04 7.5E+04 1.0E+05 1.5E+05 1.7E+05 2.0E+05 
(-180.0000 0.0000 0.1938 0.2057 0.1945 0.1943 0.1744 0.1584 0.1912)
(-178.5710 0.0000 0.1945 0.2064 0.1952 0.1950 0.1750 0.1591 0.1919)
(-177.1430 0.0000 0.1964 0.2082 0.1971 0.1969 0.1769 0.1610 0.1938)
(-175.7140 0.0000 0.1995 0.2114 0.2002 0.2000 0.1801 0.1642 0.1969)
(-174.2860 0.0000 0.2040 0.2158 0.2046 0.2045 0.1846 0.1687 0.2014)
(-172.8570 0.0000 0.2096 0.2214 0.2103 0.2101 0.1903 0.1745 0.2070)
(-171.4290 0.0000 0.2165 0.2282 0.2172 0.2170 0.1972 0.1815 0.2139)
(-170.0000 0.0000 0.2246 0.2363 0.2252 0.2251 0.2054 0.1897 0.2220)
(-168.5710 0.0000 0.2339 0.2455 0.2345 0.2343 0.2148 0.1992 0.2313)
(-167.1430 0.0000 0.2443 0.2559 0.2450 0.2448 0.2253 0.2098 0.2417)
(-165.7140 0.0000 0.2559 0.2674 0.2565 0.2563 0.2370 0.2216 0.2533)
(-164.2860 0.0000 0.2685 0.2800 0.2692 0.2690 0.2498 0.2345 0.2660)
(-162.8570 0.0000 0.2823 0.2936 0.2829 0.2828 0.2637 0.2484 0.2798)
(-161.4290 0.0000 0.2971 0.3083 0.2977 0.2975 0.2786 0.2635 0.2946)
(-160.0000 0.0000 0.3128 0.3240 0.3135 0.3133 0.2945 0.2795 0.3104)
(-155.0000 0.0000 0.3752 0.3859 0.3758 0.3756 0.3575 0.3431 0.3728)
(-150.0000 0.0000 0.4471 0.4574 0.4477 0.4475 0.4302 0.4164 0.4449)
(-145.0000 0.0000 0.5263 0.5360 0.5268 0.5267 0.5103 0.4972 0.5241)
(-140.0000 0.0000 0.6100 0.6191 0.6105 0.6104 0.5951 0.5829 0.6080)
(-135.0000 0.0000 0.6955 0.7039 0.6960 0.6959 0.6818 0.6705 0.6937)
(-130.0000 0.0000 0.7800 0.7877 0.7805 0.7804 0.7675 0.7573 0.7784)
(-125.0000 0.0000 0.8607 0.8675 0.8611 0.8610 0.8495 0.8404 0.8592)
(-120.0000 0.0000 0.9346 0.9406 0.9350 0.9349 0.9249 0.9169 0.9333)
(-115.0000 0.0000 0.9994 1.0044 0.9997 0.9996 0.9911 0.9844 0.9983)
(-110.0000 0.0000 1.0526 1.0566 1.0528 1.0528 1.0459 1.0405 1.0517)
(-105.0000 0.0000 1.0923 1.0954 1.0925 1.0924 1.0872 1.0831 1.0916)
(-100.0000 0.0000 1.1169 1.1190 1.1170 1.1170 1.1135 1.1108 1.1165)
(-95.0000 0.0000 1.1253 1.1264 1.1254 1.1254 1.1236 1.1223 1.1251)
(-90.0000 0.0000 1.1169 1.1169 1.1169 1.1169 1.1169 1.1169 1.1169)
(-85.0000 0.0000 1.1253 1.1264 1.1254 1.1254 1.1236 1.1223 1.1251)
(-80.0000 0.0000 1.1169 1.1190 1.1170 1.1170 1.1135 1.1108 1.1165)
(-75.0000 0.0000 1.0923 1.0954 1.0925 1.0924 1.0872 1.0831 1.0916)
(-70.0000 0.0000 1.0526 1.0566 1.0528 1.0528 1.0459 1.0405 1.0517)
(-65.0000 0.0000 0.9994 1.0044 0.9997 0.9996 0.9911 0.9844 0.9983)
(-60.0000 0.0000 0.9346 0.9406 0.9350 0.9349 0.9249 0.9169 0.9333)
(-55.0000 0.0000 0.8607 0.8675 0.8611 0.8610 0.8495 0.8404 0.8592)
(-50.0000 0.0000 0.7800 0.7877 0.7805 0.7804 0.7675 0.7573 0.7784)
(-45.0000 0.0000 0.6955 0.7039 0.6960 0.6959 0.6818 0.6705 0.6937)
(-40.0000 0.0000 0.6100 0.6191 0.6105 0.6104 0.5951 0.5829 0.6080)
(-35.0000 0.0000 0.5263 0.5360 0.5268 0.5267 0.5103 0.4972 0.5241)
(-30.0000 0.0000 0.4471 0.4574 0.4477 0.4475 0.4302 0.4164 0.4449)
(-25.0000 0.0000 0.3752 0.3859 0.3758 0.3756 0.3575 0.3431 0.3728)
(-20.0000 0.0000 0.3128 0.3240 0.3135 0.3133 0.2945 0.2795 0.3104)
(-19.2860 0.0000 0.3000 0.3105 0.3011 0.3006 0.2829 0.2692 0.2979)
(-18.5710 0.0000 0.2872 0.2970 0.2887 0.2880 0.2713 0.2588 0.2854)
(-17.8570 0.0000 0.2744 0.2835 0.2763 0.2753 0.2597 0.2484 0.2729)
(-17.1430 0.0000 0.2617 0.2700 0.2639 0.2626 0.2482 0.2380 0.2604)
(-16.4290 0.0000 0.2489 0.2565 0.2515 0.2500 0.2366 0.2276 0.2479)
(-15.7140 0.0000 0.2361 0.2430 0.2392 0.2373 0.2250 0.2172 0.2354)
(-15.0000 0.0000 0.2233 0.2295 0.2268 0.2246 0.2134 0.2068 0.2229)
(-14.2860 0.0000 0.2105 0.2160 0.2144 0.2120 0.2018 0.1965 0.2105)
(-13.5710 0.0000 0.1977 0.2025 0.2020 0.1993 0.1902 0.1861 0.1980)
(-12.8570 0.0000 0.1849 0.1890 0.1896 0.1866 0.1787 0.1757 0.1855)
(-12.1430 0.0000 0.1721 0.1755 0.1772 0.1740 0.1671 0.1653 0.1730)
(-11.4290 0.0000 0.1594 0.1620 0.1649 0.1613 0.1555 0.1549 0.1605)
(-10.0000 0.0000 0.1725 0.1736 0.1741 0.1624 0.1508 0.1515 0.1520)
(-9.0000 0.0000 0.1499 0.1547 0.1538 0.1428 0.1302 0.1292 0.1299)
(-8.0000 0.0000 0.1283 0.1369 0.1345 0.1243 0.1107 0.1081 0.1091)
(-7.0000 0.0000 0.1089 0.1147 0.1120 0.1037 0.0896 0.0879 0.0855)
(-6.0000 0.0000 0.0904 0.0929 0.0901 0.0841 0.0694 0.0685 0.0620)
(-5.0000 0.0000 0.0675 0.0737 0.0665 0.0571 0.0462 0.0453 0.0422)
(-4.0000 0.0000 0.0448 0.0513 0.0447 0.0301 0.0226 0.0214 0.0218)
(-3.0000 0.0000 0.0379 0.0456 0.0394 0.0257 0.0212 0.0196 0.0198)
(-2.0000 0.0000 0.0312 0.0399 0.0341 0.0212 0.0193 0.0173 0.0175)
(-1.0000 0.0000 0.0276 0.0398 0.0346 0.0207 0.0172 0.0159 0.0155)
(0.0000 0.0000 0.0240 0.0398 0.0352 0.0198 0.0151 0.0145 0.0136)
(1.0000 0.0000 0.0296 0.0411 0.0403 0.0176 0.0139 0.0130 0.0129)
(2.0000 0.0000 0.0387 0.0432 0.0389 0.0157 0.0143 0.0134 0.0135)
(3.0000 0.0000 0.0327 0.0397 0.0373 0.0178 0.0148 0.0142 0.0142)
(4.0000 0.0000 0.0317 0.0382 0.0351 0.0192 0.0159 0.0152 0.0152)
(5.0000 0.0000 0.0313 0.0366 0.0340 0.0216 0.0172 0.0164 0.0165)
(6.0000 0.0000 0.0315 0.0367 0.0326 0.0222 0.0189 0.0179 0.0179)
(7.0000 0.0000 0.0359 0.0390 0.0344 0.0236 0.0209 0.0197 0.0196)
(8.0000 0.0000 0.0429 0.0453 0.0402 0.0285 0.0236 0.0223 0.0225)
(9.0000 0.0000 0.0458 0.0492 0.0452 0.0341 0.0278 0.0258 0.0260)
(10.0000 0.0000 0.0493 0.0575 0.0543 0.0426 0.0318 0.0303 0.0301)
(11.0000 0.0000 0.0616 0.0758 0.0643 0.0597 0.0375 0.0352 0.0341)
(12.0000 0.0000 0.1027 0.1777 0.1681 0.1707 0.0459 0.0473 0.0598)
(13.0000 0.0000 0.1656 0.1882 0.2033 0.1924 0.0773 0.1153 0.1542)
(14.0000 0.0000 0.1917 0.2822 0.3335 0.2304 0.1383 0.1472 0.1903)
(15.0000 0.0000 0.2854 0.3024 0.3241 0.3488 0.1812 0.1848 0.2202)
(16.0000 0.0000 0.2984 0.3188 0.3411 0.3636 0.2260 0.2250 0.3046)
(17.0000 0.0000 0.3156 0.3418 0.3527 0.3655 0.2881 0.2844 0.3259)
(18.0000 0.0000 0.3337 0.3578 0.3626 0.3684 0.3452 0.3387 0.3471)
(19.0000 0.0000 0.3566 0.3777 0.3739 0.3762 0.3527 0.3416 0.3630)
(20.0000 0.0000 0.3767 0.3946 0.3834 0.3825 0.3590 0.3438 0.3766)
(25.0000 0.0000 0.4804 0.4977 0.4876 0.4877 0.4648 0.4502 0.4819)
(30.0000 0.0000 0.5940 0.6104 0.6013 0.6023 0.5804 0.5664 0.5966)
(35.0000 0.0000 0.7120 0.7271 0.7191 0.7208 0.7002 0.6869 0.7154)
(40.0000 0.0000 0.8290 0.8429 0.8358 0.8381 0.8190 0.8066 0.8331)
(45.0000 0.0000 0.9401 0.9526 0.9465 0.9492 0.9318 0.9204 0.9448)
(50.0000 0.0000 1.0406 1.0517 1.0464 1.0493 1.0340 1.0236 1.0457)
(55.0000 0.0000 1.1261 1.1356 1.1312 1.1342 1.1209 1.1117 1.1314)
(60.0000 0.0000 1.1925 1.2006 1.1969 1.1998 1.1888 1.1808 1.1979)
(65.0000 0.0000 1.2365 1.2432 1.2402 1.2428 1.2340 1.2273 1.2417)
(70.0000 0.0000 1.2557 1.2609 1.2585 1.2608 1.2541 1.2487 1.2604)
(75.0000 0.0000 1.2486 1.2525 1.2507 1.2524 1.2476 1.2436 1.2524)
(80.0000 0.0000 1.2161 1.2186 1.2173 1.2184 1.2154 1.2127 1.2185)
(85.0000 0.0000 1.1637 1.1649 1.1642 1.1646 1.1631 1.1617 1.1647)
(90.0000 0.0000 1.1169 1.1169 1.1169 1.1169 1.1169 1.1169 1.1169)
(95.0000 0.0000 1.1253 1.1264 1.1254 1.1254 1.1236 1.1223 1.1251)
(100.0000 0.0000 1.1169 1.1190 1.1170 1.1170 1.1135 1.1108 1.1165)
(105.0000 0.0000 1.0923 1.0954 1.0925 1.0924 1.0872 1.0831 1.0916)
(110.0000 0.0000 1.0526 1.0566 1.0528 1.0528 1.0459 1.0405 1.0517)
(115.0000 0.0000 0.9994 1.0044 0.9997 0.9996 0.9911 0.9844 0.9983)
(120.0000 0.0000 0.9346 0.9406 0.9350 0.9349 0.9249 0.9169 0.9333)
(125.0000 0.0000 0.8607 0.8675 0.8611 0.8610 0.8495 0.8404 0.8592)
(130.0000 0.0000 0.7800 0.7877 0.7805 0.7804 0.7675 0.7573 0.7784)
(135.0000 0.0000 0.6955 0.7039 0.6960 0.6959 0.6818 0.6705 0.6937)
(140.0000 0.0000 0.6100 0.6191 0.6105 0.6104 0.5951 0.5829 0.6080)
(145.0000 0.0000 0.5263 0.5360 0.5268 0.5267 0.5103 0.4972 0.5241)
(150.0000 0.0000 0.4471 0.4574 0.4477 0.4475 0.4302 0.4164 0.4449)
(155.0000 0.0000 0.3752 0.3859 0.3758 0.3756 0.3575 0.3431 0.3728)
(160.0000 0.0000 0.3128 0.3240 0.3135 0.3133 0.2945 0.2795 0.3104)
(161.4290 0.0000 0.2971 0.3083 0.2977 0.2975 0.2786 0.2635 0.2946)
(162.8570 0.0000 0.2823 0.2936 0.2829 0.2828 0.2637 0.2484 0.2798)
(164.2860 0.0000 0.2685 0.2800 0.2692 0.2690 0.2498 0.2345 0.2660)
(165.7140 0.0000 0.2559 0.2674 0.2565 0.2563 0.2370 0.2216 0.2533)
(167.1430 0.0000 0.2443 0.2559 0.2450 0.2448 0.2253 0.2098 0.2417)
(168.5710 0.0000 0.2339 0.2455 0.2345 0.2343 0.2148 0.1992 0.2313)
(170.0000 0.0000 0.2246 0.2363 0.2252 0.2251 0.2054 0.1897 0.2220)
(171.4290 0.0000 0.2165 0.2282 0.2172 0.2170 0.1972 0.1815 0.2139)
(172.8570 0.0000 0.2096 0.2214 0.2103 0.2101 0.1903 0.1745 0.2070)
(174.2860 0.0000 0.2040 0.2158 0.2046 0.2045 0.1846 0.1687 0.2014)
(175.7140 0.0000 0.1995 0.2114 0.2002 0.2000 0.1801 0.1642 0.1969)
(177.1430 0.0000 0.1964 0.2082 0.1971 0.1969 0.1769 0.1610 0.1938)
(178.5710 0.0000 0.1945 0.2064 0.1952 0.1950 0.1750 0.1591 0.1919)
(180.0000 0.0000 0.1938 0.2057 0.1945 0.1943 0.1744 0.1584 0.1912)
