// Lift coefficient polar, from OC6 Phase III
// alpha[deg] 
// Re = 0.0E+0 5.0E+04 6.0E+04 7.5E+04 1.0E+05 1.5E+05 1.7E+05 2.0E+05 
(-180.0000 0.0000 0.0000 0.0000 0.0000 0.0000 0.0000 0.0000 0.0000)
(-178.5710 0.0000 0.0678 0.0522 0.0599 0.0700 0.0745 0.0743 0.0704)
(-177.1430 0.0000 0.1356 0.1043 0.1198 0.1400 0.1489 0.1487 0.1408)
(-175.7140 0.0000 0.2034 0.1565 0.1796 0.2100 0.2234 0.2230 0.2112)
(-174.2860 0.0000 0.2713 0.2087 0.2395 0.2799 0.2978 0.2974 0.2816)
(-172.8570 0.0000 0.3391 0.2608 0.2994 0.3499 0.3723 0.3717 0.3520)
(-171.4290 0.0000 0.4069 0.3130 0.3593 0.4199 0.4468 0.4461 0.4224)
(-170.0000 0.0000 0.4747 0.3652 0.4192 0.4899 0.5212 0.5204 0.4928)
(-168.5710 0.0000 0.5425 0.4173 0.4790 0.5599 0.5957 0.5948 0.5632)
(-167.1430 0.0000 0.6103 0.4695 0.5389 0.6299 0.6702 0.6691 0.6336)
(-165.7140 0.0000 0.6599 0.5091 0.5834 0.6808 0.7240 0.7229 0.6848)
(-164.2860 0.0000 0.6365 0.4983 0.5665 0.6557 0.6952 0.6942 0.6594)
(-162.8570 0.0000 0.6132 0.4876 0.5495 0.6306 0.6665 0.6656 0.6339)
(-161.4290 0.0000 0.5898 0.4768 0.5325 0.6055 0.6378 0.6369 0.6084)
(-160.0000 0.0000 0.5720 0.4696 0.5201 0.5862 0.6155 0.6148 0.5890)
(-155.0000 0.0000 0.5399 0.4632 0.5010 0.5505 0.5724 0.5719 0.5525)
(-150.0000 0.0000 0.5242 0.4649 0.4941 0.5324 0.5493 0.5489 0.5339)
(-145.0000 0.0000 0.5119 0.4656 0.4884 0.5183 0.5316 0.5312 0.5195)
(-140.0000 0.0000 0.4974 0.4612 0.4790 0.5024 0.5127 0.5125 0.5033)
(-135.0000 0.0000 0.4775 0.4494 0.4633 0.4814 0.4894 0.4892 0.4821)
(-130.0000 0.0000 0.4506 0.4291 0.4397 0.4535 0.4597 0.4595 0.4541)
(-125.0000 0.0000 0.4158 0.3998 0.4077 0.4180 0.4226 0.4225 0.4185)
(-120.0000 0.0000 0.3731 0.3616 0.3673 0.3747 0.3780 0.3779 0.3750)
(-115.0000 0.0000 0.3229 0.3150 0.3189 0.3240 0.3262 0.3262 0.3242)
(-110.0000 0.0000 0.2660 0.2610 0.2635 0.2667 0.2681 0.2681 0.2668)
(-105.0000 0.0000 0.2037 0.2009 0.2022 0.2040 0.2048 0.2048 0.2041)
(-100.0000 0.0000 0.1374 0.1361 0.1367 0.1375 0.1379 0.1379 0.1376)
(-95.0000 0.0000 0.0688 0.0685 0.0687 0.0689 0.0690 0.0690 0.0689)
(-90.0000 0.0000 0.0000 0.0000 0.0000 0.0000 0.0000 0.0000 0.0000)
(-85.0000 0.0000 -0.0688 -0.0685 -0.0687 -0.0689 -0.0690 -0.0690 -0.0689)
(-80.0000 0.0000 -0.1374 -0.1361 -0.1367 -0.1375 -0.1379 -0.1379 -0.1376)
(-75.0000 0.0000 -0.2037 -0.2009 -0.2022 -0.2040 -0.2048 -0.2048 -0.2041)
(-70.0000 0.0000 -0.2660 -0.2610 -0.2635 -0.2667 -0.2681 -0.2681 -0.2668)
(-65.0000 0.0000 -0.3229 -0.3150 -0.3189 -0.3240 -0.3262 -0.3262 -0.3242)
(-60.0000 0.0000 -0.3731 -0.3616 -0.3673 -0.3747 -0.3780 -0.3779 -0.3750)
(-55.0000 0.0000 -0.4158 -0.3998 -0.4077 -0.4180 -0.4226 -0.4225 -0.4185)
(-50.0000 0.0000 -0.4506 -0.4291 -0.4397 -0.4535 -0.4597 -0.4595 -0.4541)
(-45.0000 0.0000 -0.4775 -0.4494 -0.4633 -0.4814 -0.4894 -0.4892 -0.4821)
(-40.0000 0.0000 -0.4974 -0.4612 -0.4790 -0.5024 -0.5127 -0.5125 -0.5033)
(-35.0000 0.0000 -0.5119 -0.4656 -0.4884 -0.5183 -0.5316 -0.5312 -0.5195)
(-30.0000 0.0000 -0.5242 -0.4649 -0.4941 -0.5324 -0.5493 -0.5489 -0.5339)
(-25.0000 0.0000 -0.5399 -0.4632 -0.5010 -0.5505 -0.5724 -0.5719 -0.5525)
(-20.0000 0.0000 -0.5720 -0.4696 -0.5201 -0.5862 -0.6155 -0.6148 -0.5890)
(-19.2860 0.0000 -0.5781 -0.4715 -0.5240 -0.5929 -0.6234 -0.6226 -0.5957)
(-18.5710 0.0000 -0.5898 -0.4768 -0.5325 -0.6055 -0.6378 -0.6369 -0.6084)
(-17.8570 0.0000 -0.6015 -0.4822 -0.5410 -0.6180 -0.6521 -0.6513 -0.6212)
(-17.1430 0.0000 -0.6132 -0.4876 -0.5495 -0.6306 -0.6665 -0.6656 -0.6339)
(-16.4290 0.0000 -0.6249 -0.4930 -0.5580 -0.6432 -0.6809 -0.6799 -0.6466)
(-15.7140 0.0000 -0.6365 -0.4983 -0.5665 -0.6557 -0.6952 -0.6942 -0.6594)
(-15.0000 0.0000 -0.6482 -0.5037 -0.5750 -0.6683 -0.7096 -0.7086 -0.6721)
(-14.2860 0.0000 -0.6599 -0.5091 -0.5834 -0.6808 -0.7240 -0.7229 -0.6848)
(-13.5710 0.0000 -0.6224 -0.4814 -0.5502 -0.6399 -0.6804 -0.6798 -0.6450)
(-12.8570 0.0000 -0.5521 -0.4318 -0.4892 -0.5634 -0.5983 -0.5983 -0.5702)
(-12.1430 0.0000 -0.4817 -0.3821 -0.4282 -0.4869 -0.5161 -0.5169 -0.4953)
(-11.4290 0.0000 -0.4114 -0.3325 -0.3672 -0.4103 -0.4340 -0.4355 -0.4205)
(-10.0000 0.0000 -0.1919 -0.1548 -0.1760 -0.2035 -0.2321 -0.2373 -0.2373)
(-9.0000 0.0000 -0.2352 -0.1995 -0.2168 -0.2595 -0.2927 -0.3000 -0.3026)
(-8.0000 0.0000 -0.2786 -0.2441 -0.2576 -0.3154 -0.3533 -0.3628 -0.3703)
(-7.0000 0.0000 -0.3058 -0.2870 -0.3039 -0.3529 -0.3836 -0.3829 -0.3650)
(-6.0000 0.0000 -0.3330 -0.3298 -0.3508 -0.3903 -0.4139 -0.4029 -0.3516)
(-5.0000 0.0000 -0.2430 -0.2416 -0.2505 -0.2716 -0.2551 -0.2313 -0.1795)
(-4.0000 0.0000 -0.1530 -0.1416 -0.1420 -0.1529 -0.0963 -0.0597 -0.0074)
(-3.0000 0.0000 -0.0586 -0.0418 -0.0336 -0.0227 0.0637 0.0872 0.1141)
(-2.0000 0.0000 0.0358 0.0581 0.0747 0.1076 0.2237 0.2340 0.2355)
(-1.0000 0.0000 0.1247 0.1506 0.1902 0.2568 0.3144 0.3204 0.3265)
(0.0000 0.0000 0.2011 0.2431 0.3057 0.4010 0.4052 0.4068 0.4174)
(1.0000 0.0000 0.3006 0.3609 0.4662 0.5004 0.5058 0.5068 0.5137)
(2.0000 0.0000 0.4344 0.5557 0.5863 0.5917 0.5975 0.5967 0.6056)
(3.0000 0.0000 0.6265 0.6733 0.6912 0.6940 0.6900 0.6904 0.6970)
(4.0000 0.0000 0.7557 0.7776 0.7811 0.7805 0.7932 0.7945 0.7915)
(5.0000 0.0000 0.8386 0.8645 0.8676 0.8676 0.8863 0.8885 0.8862)
(6.0000 0.0000 0.9312 0.9402 0.9444 0.9501 0.9732 0.9755 0.9745)
(7.0000 0.0000 1.0058 1.0094 1.0178 1.0266 1.0544 1.0575 1.0574)
(8.0000 0.0000 1.0718 1.0768 1.0849 1.0955 1.1266 1.1318 1.1337)
(9.0000 0.0000 1.1249 1.1328 1.1397 1.1539 1.1874 1.1938 1.1956)
(10.0000 0.0000 1.1691 1.1860 1.1898 1.2032 1.2335 1.2371 1.2419)
(11.0000 0.0000 1.1887 1.2139 1.2203 1.1965 1.2465 1.2467 1.2457)
(12.0000 0.0000 1.0007 0.9645 0.9304 0.9661 1.2057 1.1844 1.1622)
(13.0000 0.0000 0.9004 0.9019 0.9405 0.9217 1.0894 1.0364 0.9811)
(14.0000 0.0000 0.8484 0.6011 0.7151 0.8648 0.9477 0.9471 0.8833)
(15.0000 0.0000 0.8095 0.5762 0.6832 0.8238 0.9020 0.9014 0.8412)
(16.0000 0.0000 0.7741 0.5554 0.6554 0.7866 0.8597 0.8592 0.8028)
(17.0000 0.0000 0.7395 0.5354 0.6284 0.7503 0.8183 0.8177 0.7651)
(18.0000 0.0000 0.7056 0.5160 0.6020 0.7147 0.7777 0.7772 0.7283)
(19.0000 0.0000 0.6724 0.4973 0.5763 0.6798 0.7379 0.7374 0.6923)
(20.0000 0.0000 0.6488 0.4847 0.5585 0.6550 0.7093 0.7088 0.6666)
(25.0000 0.0000 0.5734 0.4516 0.5055 0.5758 0.6160 0.6156 0.5843)
(30.0000 0.0000 0.5371 0.4436 0.4844 0.5375 0.5683 0.5680 0.5441)
(35.0000 0.0000 0.5174 0.4449 0.4762 0.5168 0.5407 0.5404 0.5219)
(40.0000 0.0000 0.5038 0.4476 0.4717 0.5028 0.5212 0.5210 0.5066)
(45.0000 0.0000 0.4902 0.4469 0.4653 0.4889 0.5029 0.5028 0.4917)
(50.0000 0.0000 0.4723 0.4395 0.4533 0.4711 0.4815 0.4813 0.4730)
(55.0000 0.0000 0.4475 0.4232 0.4333 0.4463 0.4538 0.4537 0.4475)
(60.0000 0.0000 0.4139 0.3965 0.4037 0.4129 0.4181 0.4180 0.4135)
(65.0000 0.0000 0.3705 0.3586 0.3635 0.3697 0.3730 0.3729 0.3699)
(70.0000 0.0000 0.3166 0.3091 0.3122 0.3161 0.3181 0.3180 0.3161)
(75.0000 0.0000 0.2523 0.2481 0.2498 0.2520 0.2530 0.2529 0.2519)
(80.0000 0.0000 0.1777 0.1758 0.1766 0.1776 0.1780 0.1780 0.1775)
(85.0000 0.0000 0.0934 0.0929 0.0931 0.0933 0.0934 0.0934 0.0933)
(90.0000 0.0000 0.0000 0.0000 0.0000 0.0000 0.0000 0.0000 0.0000)
(95.0000 0.0000 -0.0688 -0.0685 -0.0687 -0.0689 -0.0690 -0.0690 -0.0689)
(100.0000 0.0000 -0.1374 -0.1361 -0.1367 -0.1375 -0.1379 -0.1379 -0.1376)
(105.0000 0.0000 -0.2037 -0.2009 -0.2022 -0.2040 -0.2048 -0.2048 -0.2041)
(110.0000 0.0000 -0.2660 -0.2610 -0.2635 -0.2667 -0.2681 -0.2681 -0.2668)
(115.0000 0.0000 -0.3229 -0.3150 -0.3189 -0.3240 -0.3262 -0.3262 -0.3242)
(120.0000 0.0000 -0.3731 -0.3616 -0.3673 -0.3747 -0.3780 -0.3779 -0.3750)
(125.0000 0.0000 -0.4158 -0.3998 -0.4077 -0.4180 -0.4226 -0.4225 -0.4185)
(130.0000 0.0000 -0.4506 -0.4291 -0.4397 -0.4535 -0.4597 -0.4595 -0.4541)
(135.0000 0.0000 -0.4775 -0.4494 -0.4633 -0.4814 -0.4894 -0.4892 -0.4821)
(140.0000 0.0000 -0.4974 -0.4612 -0.4790 -0.5024 -0.5127 -0.5125 -0.5033)
(145.0000 0.0000 -0.5119 -0.4656 -0.4884 -0.5183 -0.5316 -0.5312 -0.5195)
(150.0000 0.0000 -0.5242 -0.4649 -0.4941 -0.5324 -0.5493 -0.5489 -0.5339)
(155.0000 0.0000 -0.5399 -0.4632 -0.5010 -0.5505 -0.5724 -0.5719 -0.5525)
(160.0000 0.0000 -0.5720 -0.4696 -0.5201 -0.5862 -0.6155 -0.6148 -0.5890)
(161.4290 0.0000 -0.5898 -0.4768 -0.5325 -0.6055 -0.6378 -0.6369 -0.6084)
(162.8570 0.0000 -0.6132 -0.4876 -0.5495 -0.6306 -0.6665 -0.6656 -0.6339)
(164.2860 0.0000 -0.6365 -0.4983 -0.5665 -0.6557 -0.6952 -0.6942 -0.6594)
(165.7140 0.0000 -0.6599 -0.5091 -0.5834 -0.6808 -0.7240 -0.7229 -0.6848)
(167.1430 0.0000 -0.6103 -0.4695 -0.5389 -0.6299 -0.6702 -0.6691 -0.6336)
(168.5710 0.0000 -0.5425 -0.4173 -0.4790 -0.5599 -0.5957 -0.5948 -0.5632)
(170.0000 0.0000 -0.4747 -0.3652 -0.4192 -0.4899 -0.5212 -0.5204 -0.4928)
(171.4290 0.0000 -0.4069 -0.3130 -0.3593 -0.4199 -0.4468 -0.4461 -0.4224)
(172.8570 0.0000 -0.3391 -0.2608 -0.2994 -0.3499 -0.3723 -0.3717 -0.3520)
(174.2860 0.0000 -0.2713 -0.2087 -0.2395 -0.2799 -0.2978 -0.2974 -0.2816)
(175.7140 0.0000 -0.2034 -0.1565 -0.1796 -0.2100 -0.2234 -0.2230 -0.2112)
(177.1430 0.0000 -0.1356 -0.1043 -0.1198 -0.1400 -0.1489 -0.1487 -0.1408)
(178.5710 0.0000 -0.0678 -0.0522 -0.0599 -0.0700 -0.0745 -0.0743 -0.0704)
(180.0000 0.0000 0.0000 0.0000 0.0000 0.0000 0.0000 0.0000 0.0000)
