// Lift coefficient polar, from OC6 Phase III
// alpha[deg] 
// Re = 0.0E+0 5.0E+04 6.0E+04 7.5E+04 1.0E+05 1.5E+05 1.7E+05 2.0E+05 
(-180.0000 0.0000 0.0000 0.0000 0.0000 0.0000 0.0000 0.0000 0.0000)
(-178.5710 0.0000 0.0571 0.0439 0.0504 0.0589 0.0626 0.0626 0.0592)
(-177.1430 0.0000 0.1141 0.0878 0.1008 0.1178 0.1253 0.1251 0.1185)
(-175.7140 0.0000 0.1712 0.1317 0.1511 0.1767 0.1879 0.1877 0.1777)
(-174.2860 0.0000 0.2282 0.1756 0.2015 0.2355 0.2506 0.2502 0.2369)
(-172.8570 0.0000 0.2853 0.2194 0.2519 0.2944 0.3132 0.3128 0.2962)
(-171.4290 0.0000 0.3423 0.2633 0.3023 0.3533 0.3759 0.3753 0.3554)
(-170.0000 0.0000 0.3994 0.3072 0.3527 0.4122 0.4385 0.4379 0.4146)
(-168.5710 0.0000 0.4565 0.3511 0.4030 0.4711 0.5012 0.5004 0.4739)
(-167.1430 0.0000 0.5135 0.3950 0.4534 0.5300 0.5638 0.5630 0.5331)
(-165.7140 0.0000 0.5552 0.4283 0.4909 0.5728 0.6091 0.6082 0.5762)
(-164.2860 0.0000 0.5356 0.4193 0.4766 0.5517 0.5849 0.5841 0.5548)
(-162.8570 0.0000 0.5159 0.4102 0.4623 0.5305 0.5608 0.5600 0.5333)
(-161.4290 0.0000 0.4962 0.4012 0.4480 0.5094 0.5366 0.5359 0.5119)
(-160.0000 0.0000 0.4813 0.3951 0.4376 0.4932 0.5179 0.5172 0.4955)
(-155.0000 0.0000 0.4542 0.3897 0.4215 0.4632 0.4816 0.4812 0.4649)
(-150.0000 0.0000 0.4410 0.3911 0.4157 0.4479 0.4622 0.4618 0.4492)
(-145.0000 0.0000 0.4307 0.3917 0.4109 0.4361 0.4472 0.4470 0.4371)
(-140.0000 0.0000 0.4185 0.3880 0.4030 0.4227 0.4314 0.4312 0.4235)
(-135.0000 0.0000 0.4017 0.3781 0.3898 0.4050 0.4118 0.4116 0.4056)
(-130.0000 0.0000 0.3791 0.3611 0.3699 0.3816 0.3867 0.3866 0.3821)
(-125.0000 0.0000 0.3498 0.3364 0.3430 0.3517 0.3556 0.3555 0.3521)
(-120.0000 0.0000 0.3139 0.3042 0.3090 0.3153 0.3180 0.3180 0.3155)
(-115.0000 0.0000 0.2717 0.2650 0.2683 0.2726 0.2745 0.2744 0.2728)
(-110.0000 0.0000 0.2238 0.2196 0.2217 0.2244 0.2256 0.2256 0.2245)
(-105.0000 0.0000 0.1713 0.1690 0.1701 0.1717 0.1723 0.1723 0.1717)
(-100.0000 0.0000 0.1156 0.1145 0.1150 0.1157 0.1160 0.1160 0.1157)
(-95.0000 0.0000 0.0579 0.0576 0.0578 0.0580 0.0580 0.0580 0.0580)
(-90.0000 0.0000 0.0000 0.0000 0.0000 0.0000 0.0000 0.0000 0.0000)
(-85.0000 0.0000 -0.0579 -0.0576 -0.0578 -0.0580 -0.0580 -0.0580 -0.0580)
(-80.0000 0.0000 -0.1156 -0.1145 -0.1150 -0.1157 -0.1160 -0.1160 -0.1157)
(-75.0000 0.0000 -0.1713 -0.1690 -0.1701 -0.1717 -0.1723 -0.1723 -0.1717)
(-70.0000 0.0000 -0.2238 -0.2196 -0.2217 -0.2244 -0.2256 -0.2256 -0.2245)
(-65.0000 0.0000 -0.2717 -0.2650 -0.2683 -0.2726 -0.2745 -0.2744 -0.2728)
(-60.0000 0.0000 -0.3139 -0.3042 -0.3090 -0.3153 -0.3180 -0.3180 -0.3155)
(-55.0000 0.0000 -0.3498 -0.3364 -0.3430 -0.3517 -0.3556 -0.3555 -0.3521)
(-50.0000 0.0000 -0.3791 -0.3611 -0.3699 -0.3816 -0.3867 -0.3866 -0.3821)
(-45.0000 0.0000 -0.4017 -0.3781 -0.3898 -0.4050 -0.4118 -0.4116 -0.4056)
(-40.0000 0.0000 -0.4185 -0.3880 -0.4030 -0.4227 -0.4314 -0.4312 -0.4235)
(-35.0000 0.0000 -0.4307 -0.3917 -0.4109 -0.4361 -0.4472 -0.4470 -0.4371)
(-30.0000 0.0000 -0.4410 -0.3911 -0.4157 -0.4479 -0.4622 -0.4618 -0.4492)
(-25.0000 0.0000 -0.4542 -0.3897 -0.4215 -0.4632 -0.4816 -0.4812 -0.4649)
(-20.0000 0.0000 -0.4813 -0.3951 -0.4376 -0.4932 -0.5179 -0.5172 -0.4955)
(-19.2860 0.0000 -0.4864 -0.3967 -0.4409 -0.4988 -0.5245 -0.5238 -0.5012)
(-18.5710 0.0000 -0.4962 -0.4012 -0.4480 -0.5094 -0.5366 -0.5359 -0.5119)
(-17.8570 0.0000 -0.5061 -0.4057 -0.4552 -0.5200 -0.5487 -0.5479 -0.5226)
(-17.1430 0.0000 -0.5159 -0.4102 -0.4623 -0.5305 -0.5608 -0.5600 -0.5333)
(-16.4290 0.0000 -0.5257 -0.4148 -0.4695 -0.5411 -0.5729 -0.5720 -0.5441)
(-15.7140 0.0000 -0.5356 -0.4193 -0.4766 -0.5517 -0.5849 -0.5841 -0.5548)
(-15.0000 0.0000 -0.5454 -0.4238 -0.4837 -0.5623 -0.5970 -0.5961 -0.5655)
(-14.2860 0.0000 -0.5552 -0.4283 -0.4909 -0.5728 -0.6091 -0.6082 -0.5762)
(-13.5710 0.0000 -0.5237 -0.4051 -0.4629 -0.5384 -0.5725 -0.5719 -0.5427)
(-12.8570 0.0000 -0.4645 -0.3633 -0.4116 -0.4740 -0.5034 -0.5034 -0.4797)
(-12.1430 0.0000 -0.4053 -0.3215 -0.3603 -0.4096 -0.4342 -0.4349 -0.4167)
(-11.4290 0.0000 -0.3462 -0.2797 -0.3089 -0.3452 -0.3651 -0.3664 -0.3538)
(-10.0000 0.0000 -0.3645 -0.3320 -0.3261 -0.3094 -0.2920 -0.2908 -0.2858)
(-9.0000 0.0000 -0.3598 -0.3281 -0.3199 -0.3116 -0.2947 -0.2945 -0.2907)
(-8.0000 0.0000 -0.3552 -0.3243 -0.3136 -0.3137 -0.2975 -0.2982 -0.2969)
(-7.0000 0.0000 -0.3411 -0.3194 -0.3106 -0.3052 -0.2841 -0.2794 -0.2647)
(-6.0000 0.0000 -0.3270 -0.3144 -0.3079 -0.2968 -0.2708 -0.2606 -0.2284)
(-5.0000 0.0000 -0.2437 -0.2322 -0.2190 -0.1986 -0.1570 -0.1408 -0.1087)
(-4.0000 0.0000 -0.1604 -0.1431 -0.1254 -0.1005 -0.0433 -0.0210 0.0109)
(-3.0000 0.0000 -0.0745 -0.0540 -0.0318 0.0043 0.0712 0.0857 0.1040)
(-2.0000 0.0000 0.0114 0.0351 0.0617 0.1090 0.1856 0.1925 0.1971)
(-1.0000 0.0000 0.0939 0.1198 0.1595 0.2246 0.2633 0.2674 0.2741)
(0.0000 0.0000 0.1692 0.2045 0.2572 0.3374 0.3409 0.3423 0.3512)
(1.0000 0.0000 0.2581 0.3041 0.3813 0.4244 0.4238 0.4243 0.4311)
(2.0000 0.0000 0.3671 0.4492 0.4818 0.5068 0.5020 0.5011 0.5086)
(3.0000 0.0000 0.5106 0.5488 0.5733 0.5956 0.5805 0.5798 0.5859)
(4.0000 0.0000 0.6170 0.6405 0.6561 0.6752 0.6648 0.6640 0.6648)
(5.0000 0.0000 0.6961 0.7219 0.7368 0.7552 0.7436 0.7429 0.7439)
(6.0000 0.0000 0.7809 0.7967 0.8119 0.8325 0.8193 0.8182 0.8195)
(7.0000 0.0000 0.8551 0.8677 0.8850 0.9064 0.8919 0.8907 0.8924)
(8.0000 0.0000 0.9242 0.9376 0.9544 0.9759 0.9596 0.9592 0.9618)
(9.0000 0.0000 0.9857 1.0008 1.0167 1.0394 1.0213 1.0213 1.0236)
(10.0000 0.0000 1.0420 1.0624 1.0761 1.0977 1.0753 1.0735 1.0772)
(11.0000 0.0000 1.0837 1.1090 1.1241 1.1239 1.1116 1.1079 1.1086)
(12.0000 0.0000 1.0030 0.9921 0.9845 1.0216 1.1193 1.1044 1.0941)
(13.0000 0.0000 0.9741 0.9855 1.0206 1.0261 1.0870 1.0558 1.0285)
(14.0000 0.0000 0.9736 0.8382 0.9187 1.0234 1.0412 1.0382 1.0064)
(15.0000 0.0000 0.9809 0.8537 0.9302 1.0299 1.0463 1.0435 1.0137)
(16.0000 0.0000 0.9820 0.8620 0.9347 1.0296 1.0456 1.0429 1.0148)
(17.0000 0.0000 0.9819 0.8691 0.9379 1.0279 1.0434 1.0409 1.0145)
(18.0000 0.0000 0.9804 0.8750 0.9399 1.0249 1.0397 1.0375 1.0127)
(19.0000 0.0000 0.9777 0.8798 0.9407 1.0206 1.0347 1.0326 1.0096)
(20.0000 0.0000 0.9792 0.8868 0.9446 1.0206 1.0342 1.0323 1.0105)
(25.0000 0.0000 0.9914 0.9206 0.9661 1.0264 1.0374 1.0360 1.0191)
(30.0000 0.0000 0.9966 0.9406 0.9773 1.0261 1.0350 1.0339 1.0205)
(35.0000 0.0000 0.9856 0.9409 0.9706 1.0102 1.0176 1.0167 1.0059)
(40.0000 0.0000 0.9557 0.9200 0.9439 0.9759 0.9821 0.9815 0.9728)
(45.0000 0.0000 0.9062 0.8780 0.8971 0.9227 0.9280 0.9275 0.9206)
(50.0000 0.0000 0.8382 0.8163 0.8313 0.8513 0.8558 0.8555 0.8501)
(55.0000 0.0000 0.7535 0.7369 0.7483 0.7636 0.7674 0.7672 0.7632)
(60.0000 0.0000 0.6547 0.6426 0.6509 0.6623 0.6654 0.6653 0.6623)
(65.0000 0.0000 0.5453 0.5370 0.5428 0.5507 0.5532 0.5531 0.5511)
(70.0000 0.0000 0.4294 0.4241 0.4278 0.4329 0.4347 0.4347 0.4334)
(75.0000 0.0000 0.3117 0.3086 0.3108 0.3137 0.3148 0.3148 0.3141)
(80.0000 0.0000 0.1971 0.1958 0.1967 0.1981 0.1986 0.1987 0.1983)
(85.0000 0.0000 0.0913 0.0910 0.0912 0.0916 0.0917 0.0918 0.0917)
(90.0000 0.0000 0.0000 0.0000 0.0000 0.0000 0.0000 0.0000 0.0000)
(95.0000 0.0000 -0.0579 -0.0576 -0.0578 -0.0580 -0.0580 -0.0580 -0.0580)
(100.0000 0.0000 -0.1156 -0.1145 -0.1150 -0.1157 -0.1160 -0.1160 -0.1157)
(105.0000 0.0000 -0.1713 -0.1690 -0.1701 -0.1717 -0.1723 -0.1723 -0.1717)
(110.0000 0.0000 -0.2238 -0.2196 -0.2217 -0.2244 -0.2256 -0.2256 -0.2245)
(115.0000 0.0000 -0.2717 -0.2650 -0.2683 -0.2726 -0.2745 -0.2744 -0.2728)
(120.0000 0.0000 -0.3139 -0.3042 -0.3090 -0.3153 -0.3180 -0.3180 -0.3155)
(125.0000 0.0000 -0.3498 -0.3364 -0.3430 -0.3517 -0.3556 -0.3555 -0.3521)
(130.0000 0.0000 -0.3791 -0.3611 -0.3699 -0.3816 -0.3867 -0.3866 -0.3821)
(135.0000 0.0000 -0.4017 -0.3781 -0.3898 -0.4050 -0.4118 -0.4116 -0.4056)
(140.0000 0.0000 -0.4185 -0.3880 -0.4030 -0.4227 -0.4314 -0.4312 -0.4235)
(145.0000 0.0000 -0.4307 -0.3917 -0.4109 -0.4361 -0.4472 -0.4470 -0.4371)
(150.0000 0.0000 -0.4410 -0.3911 -0.4157 -0.4479 -0.4622 -0.4618 -0.4492)
(155.0000 0.0000 -0.4542 -0.3897 -0.4215 -0.4632 -0.4816 -0.4812 -0.4649)
(160.0000 0.0000 -0.4813 -0.3951 -0.4376 -0.4932 -0.5179 -0.5172 -0.4955)
(161.4290 0.0000 -0.4962 -0.4012 -0.4480 -0.5094 -0.5366 -0.5359 -0.5119)
(162.8570 0.0000 -0.5159 -0.4102 -0.4623 -0.5305 -0.5608 -0.5600 -0.5333)
(164.2860 0.0000 -0.5356 -0.4193 -0.4766 -0.5517 -0.5849 -0.5841 -0.5548)
(165.7140 0.0000 -0.5552 -0.4283 -0.4909 -0.5728 -0.6091 -0.6082 -0.5762)
(167.1430 0.0000 -0.5135 -0.3950 -0.4534 -0.5300 -0.5638 -0.5630 -0.5331)
(168.5710 0.0000 -0.4565 -0.3511 -0.4030 -0.4711 -0.5012 -0.5004 -0.4739)
(170.0000 0.0000 -0.3994 -0.3072 -0.3527 -0.4122 -0.4385 -0.4379 -0.4146)
(171.4290 0.0000 -0.3423 -0.2633 -0.3023 -0.3533 -0.3759 -0.3753 -0.3554)
(172.8570 0.0000 -0.2853 -0.2194 -0.2519 -0.2944 -0.3132 -0.3128 -0.2962)
(174.2860 0.0000 -0.2282 -0.1756 -0.2015 -0.2355 -0.2506 -0.2502 -0.2369)
(175.7140 0.0000 -0.1712 -0.1317 -0.1511 -0.1767 -0.1879 -0.1877 -0.1777)
(177.1430 0.0000 -0.1141 -0.0878 -0.1008 -0.1178 -0.1253 -0.1251 -0.1185)
(178.5710 0.0000 -0.0571 -0.0439 -0.0504 -0.0589 -0.0626 -0.0626 -0.0592)
(180.0000 0.0000 0.0000 0.0000 0.0000 0.0000 0.0000 0.0000 0.0000)
