// Lift coefficient polar, from OC6 Phase III
// alpha[deg] 
// Re = 0.0E+0 5.0E+04 6.0E+04 7.5E+04 1.0E+05 1.5E+05 1.7E+05 2.0E+05 
(-180.0000 0.0000 0.0000 0.0000 0.0000 0.0000 0.0000 0.0000 0.0000)
(-178.5710 0.0000 0.0678 0.0522 0.0599 0.0700 0.0745 0.0743 0.0704)
(-177.1430 0.0000 0.1356 0.1043 0.1198 0.1400 0.1489 0.1487 0.1408)
(-175.7140 0.0000 0.2034 0.1565 0.1796 0.2100 0.2234 0.2230 0.2112)
(-174.2860 0.0000 0.2713 0.2087 0.2395 0.2799 0.2978 0.2974 0.2816)
(-172.8570 0.0000 0.3391 0.2608 0.2994 0.3499 0.3723 0.3717 0.3520)
(-171.4290 0.0000 0.4069 0.3130 0.3593 0.4199 0.4468 0.4461 0.4224)
(-170.0000 0.0000 0.4747 0.3652 0.4192 0.4899 0.5212 0.5204 0.4928)
(-168.5710 0.0000 0.5425 0.4173 0.4790 0.5599 0.5957 0.5948 0.5632)
(-167.1430 0.0000 0.6103 0.4695 0.5389 0.6299 0.6702 0.6691 0.6336)
(-165.7140 0.0000 0.6599 0.5091 0.5834 0.6808 0.7240 0.7229 0.6848)
(-164.2860 0.0000 0.6365 0.4983 0.5665 0.6557 0.6952 0.6942 0.6594)
(-162.8570 0.0000 0.6132 0.4876 0.5495 0.6306 0.6665 0.6656 0.6339)
(-161.4290 0.0000 0.5898 0.4768 0.5325 0.6055 0.6378 0.6369 0.6084)
(-160.0000 0.0000 0.5720 0.4696 0.5201 0.5862 0.6155 0.6148 0.5890)
(-155.0000 0.0000 0.5399 0.4632 0.5010 0.5505 0.5724 0.5719 0.5525)
(-150.0000 0.0000 0.5242 0.4649 0.4941 0.5324 0.5493 0.5489 0.5339)
(-145.0000 0.0000 0.5119 0.4656 0.4884 0.5183 0.5316 0.5312 0.5195)
(-140.0000 0.0000 0.4974 0.4612 0.4790 0.5024 0.5127 0.5125 0.5033)
(-135.0000 0.0000 0.4775 0.4494 0.4633 0.4814 0.4894 0.4892 0.4821)
(-130.0000 0.0000 0.4506 0.4291 0.4397 0.4535 0.4597 0.4595 0.4541)
(-125.0000 0.0000 0.4158 0.3998 0.4077 0.4180 0.4226 0.4225 0.4185)
(-120.0000 0.0000 0.3731 0.3616 0.3673 0.3747 0.3780 0.3779 0.3750)
(-115.0000 0.0000 0.3229 0.3150 0.3189 0.3240 0.3262 0.3262 0.3242)
(-110.0000 0.0000 0.2660 0.2610 0.2635 0.2667 0.2681 0.2681 0.2668)
(-105.0000 0.0000 0.2037 0.2009 0.2022 0.2040 0.2048 0.2048 0.2041)
(-100.0000 0.0000 0.1374 0.1361 0.1367 0.1375 0.1379 0.1379 0.1376)
(-95.0000 0.0000 0.0688 0.0685 0.0687 0.0689 0.0690 0.0690 0.0689)
(-90.0000 0.0000 0.0000 0.0000 0.0000 0.0000 0.0000 0.0000 0.0000)
(-85.0000 0.0000 -0.0688 -0.0685 -0.0687 -0.0689 -0.0690 -0.0690 -0.0689)
(-80.0000 0.0000 -0.1374 -0.1361 -0.1367 -0.1375 -0.1379 -0.1379 -0.1376)
(-75.0000 0.0000 -0.2037 -0.2009 -0.2022 -0.2040 -0.2048 -0.2048 -0.2041)
(-70.0000 0.0000 -0.2660 -0.2610 -0.2635 -0.2667 -0.2681 -0.2681 -0.2668)
(-65.0000 0.0000 -0.3229 -0.3150 -0.3189 -0.3240 -0.3262 -0.3262 -0.3242)
(-60.0000 0.0000 -0.3731 -0.3616 -0.3673 -0.3747 -0.3780 -0.3779 -0.3750)
(-55.0000 0.0000 -0.4158 -0.3998 -0.4077 -0.4180 -0.4226 -0.4225 -0.4185)
(-50.0000 0.0000 -0.4506 -0.4291 -0.4397 -0.4535 -0.4597 -0.4595 -0.4541)
(-45.0000 0.0000 -0.4775 -0.4494 -0.4633 -0.4814 -0.4894 -0.4892 -0.4821)
(-40.0000 0.0000 -0.4974 -0.4612 -0.4790 -0.5024 -0.5127 -0.5125 -0.5033)
(-35.0000 0.0000 -0.5119 -0.4656 -0.4884 -0.5183 -0.5316 -0.5312 -0.5195)
(-30.0000 0.0000 -0.5242 -0.4649 -0.4941 -0.5324 -0.5493 -0.5489 -0.5339)
(-25.0000 0.0000 -0.5399 -0.4632 -0.5010 -0.5505 -0.5724 -0.5719 -0.5525)
(-20.0000 0.0000 -0.5720 -0.4696 -0.5201 -0.5862 -0.6155 -0.6148 -0.5890)
(-19.2860 0.0000 -0.5781 -0.4715 -0.5240 -0.5929 -0.6234 -0.6226 -0.5957)
(-18.5710 0.0000 -0.5898 -0.4768 -0.5325 -0.6055 -0.6378 -0.6369 -0.6084)
(-17.8570 0.0000 -0.6015 -0.4822 -0.5410 -0.6180 -0.6521 -0.6513 -0.6212)
(-17.1430 0.0000 -0.6132 -0.4876 -0.5495 -0.6306 -0.6665 -0.6656 -0.6339)
(-16.4290 0.0000 -0.6249 -0.4930 -0.5580 -0.6432 -0.6809 -0.6799 -0.6466)
(-15.7140 0.0000 -0.6365 -0.4983 -0.5665 -0.6557 -0.6952 -0.6942 -0.6594)
(-15.0000 0.0000 -0.6482 -0.5037 -0.5750 -0.6683 -0.7096 -0.7086 -0.6721)
(-14.2860 0.0000 -0.6599 -0.5091 -0.5834 -0.6808 -0.7240 -0.7229 -0.6848)
(-13.5710 0.0000 -0.6224 -0.4814 -0.5502 -0.6399 -0.6804 -0.6798 -0.6450)
(-12.8570 0.0000 -0.5521 -0.4318 -0.4892 -0.5634 -0.5983 -0.5983 -0.5702)
(-12.1430 0.0000 -0.4817 -0.3821 -0.4282 -0.4869 -0.5161 -0.5169 -0.4953)
(-11.4290 0.0000 -0.4114 -0.3325 -0.3672 -0.4103 -0.4340 -0.4355 -0.4205)
(-10.0000 0.0000 -0.4633 -0.4245 -0.4140 -0.3883 -0.3614 -0.3592 -0.3524)
(-9.0000 0.0000 -0.4517 -0.4138 -0.4006 -0.3842 -0.3575 -0.3563 -0.3509)
(-8.0000 0.0000 -0.4402 -0.4031 -0.3872 -0.3801 -0.3536 -0.3534 -0.3507)
(-7.0000 0.0000 -0.4178 -0.3912 -0.3773 -0.3640 -0.3320 -0.3258 -0.3084)
(-6.0000 0.0000 -0.3955 -0.3791 -0.3679 -0.3480 -0.3104 -0.2981 -0.2614)
(-5.0000 0.0000 -0.2954 -0.2803 -0.2616 -0.2316 -0.1781 -0.1594 -0.1229)
(-4.0000 0.0000 -0.1953 -0.1736 -0.1499 -0.1152 -0.0458 -0.0206 0.0155)
(-3.0000 0.0000 -0.0923 -0.0670 -0.0384 0.0085 0.0872 0.1037 0.1248)
(-2.0000 0.0000 0.0107 0.0396 0.0732 0.1323 0.2203 0.2281 0.2341)
(-1.0000 0.0000 0.1100 0.1413 0.1895 0.2682 0.3127 0.3175 0.3257)
(0.0000 0.0000 0.2011 0.2431 0.3057 0.4010 0.4052 0.4068 0.4174)
(1.0000 0.0000 0.3075 0.3616 0.4516 0.5049 0.5035 0.5040 0.5122)
(2.0000 0.0000 0.4366 0.5312 0.5709 0.6037 0.5965 0.5954 0.6044)
(3.0000 0.0000 0.6045 0.6496 0.6802 0.7096 0.6900 0.6890 0.6963)
(4.0000 0.0000 0.7306 0.7592 0.7796 0.8052 0.7897 0.7886 0.7900)
(5.0000 0.0000 0.8259 0.8572 0.8768 0.9013 0.8836 0.8823 0.8839)
(6.0000 0.0000 0.9277 0.9478 0.9676 0.9944 0.9738 0.9720 0.9740)
(7.0000 0.0000 1.0176 1.0340 1.0561 1.0836 1.0607 1.0588 1.0611)
(8.0000 0.0000 1.1018 1.1191 1.1406 1.1680 1.1423 1.1412 1.1443)
(9.0000 0.0000 1.1774 1.1966 1.2169 1.2456 1.2172 1.2164 1.2192)
(10.0000 0.0000 1.2471 1.2723 1.2902 1.3174 1.2836 1.2808 1.2852)
(11.0000 0.0000 1.3004 1.3312 1.3505 1.3532 1.3305 1.3256 1.3266)
(12.0000 0.0000 1.2161 1.2060 1.2001 1.2452 1.3460 1.3287 1.3177)
(13.0000 0.0000 1.1899 1.2049 1.2471 1.2568 1.3173 1.2822 1.2525)
(14.0000 0.0000 1.1958 1.0457 1.1391 1.2604 1.2737 1.2698 1.2353)
(15.0000 0.0000 1.2103 1.0695 1.1584 1.2741 1.2863 1.2826 1.2503)
(16.0000 0.0000 1.2163 1.0832 1.1679 1.2783 1.2906 1.2871 1.2566)
(17.0000 0.0000 1.2205 1.0952 1.1756 1.2806 1.2928 1.2896 1.2608)
(18.0000 0.0000 1.2228 1.1055 1.1815 1.2811 1.2930 1.2901 1.2631)
(19.0000 0.0000 1.2233 1.1142 1.1857 1.2797 1.2913 1.2886 1.2634)
(20.0000 0.0000 1.2282 1.1252 1.1933 1.2828 1.2942 1.2917 1.2678)
(25.0000 0.0000 1.2539 1.1744 1.2287 1.3005 1.3101 1.3083 1.2896)
(30.0000 0.0000 1.2654 1.2022 1.2462 1.3048 1.3129 1.3115 1.2964)
(35.0000 0.0000 1.2532 1.2024 1.2383 1.2862 1.2931 1.2919 1.2798)
(40.0000 0.0000 1.2148 1.1741 1.2032 1.2421 1.2481 1.2472 1.2374)
(45.0000 0.0000 1.1505 1.1182 1.1414 1.1726 1.1779 1.1773 1.1694)
(50.0000 0.0000 1.0617 1.0366 1.0548 1.0794 1.0841 1.0837 1.0776)
(55.0000 0.0000 0.9515 0.9324 0.9464 0.9652 0.9694 0.9691 0.9645)
(60.0000 0.0000 0.8237 0.8097 0.8199 0.8339 0.8375 0.8373 0.8339)
(65.0000 0.0000 0.6828 0.6732 0.6803 0.6901 0.6930 0.6929 0.6906)
(70.0000 0.0000 0.5346 0.5284 0.5330 0.5394 0.5415 0.5415 0.5400)
(75.0000 0.0000 0.3852 0.3817 0.3843 0.3879 0.3894 0.3894 0.3885)
(80.0000 0.0000 0.2414 0.2398 0.2410 0.2426 0.2434 0.2434 0.2430)
(85.0000 0.0000 0.1105 0.1100 0.1104 0.1108 0.1110 0.1110 0.1109)
(90.0000 0.0000 0.0000 0.0000 0.0000 0.0000 0.0000 0.0000 0.0000)
(95.0000 0.0000 -0.0688 -0.0685 -0.0687 -0.0689 -0.0690 -0.0690 -0.0689)
(100.0000 0.0000 -0.1374 -0.1361 -0.1367 -0.1375 -0.1379 -0.1379 -0.1376)
(105.0000 0.0000 -0.2037 -0.2009 -0.2022 -0.2040 -0.2048 -0.2048 -0.2041)
(110.0000 0.0000 -0.2660 -0.2610 -0.2635 -0.2667 -0.2681 -0.2681 -0.2668)
(115.0000 0.0000 -0.3229 -0.3150 -0.3189 -0.3240 -0.3262 -0.3262 -0.3242)
(120.0000 0.0000 -0.3731 -0.3616 -0.3673 -0.3747 -0.3780 -0.3779 -0.3750)
(125.0000 0.0000 -0.4158 -0.3998 -0.4077 -0.4180 -0.4226 -0.4225 -0.4185)
(130.0000 0.0000 -0.4506 -0.4291 -0.4397 -0.4535 -0.4597 -0.4595 -0.4541)
(135.0000 0.0000 -0.4775 -0.4494 -0.4633 -0.4814 -0.4894 -0.4892 -0.4821)
(140.0000 0.0000 -0.4974 -0.4612 -0.4790 -0.5024 -0.5127 -0.5125 -0.5033)
(145.0000 0.0000 -0.5119 -0.4656 -0.4884 -0.5183 -0.5316 -0.5312 -0.5195)
(150.0000 0.0000 -0.5242 -0.4649 -0.4941 -0.5324 -0.5493 -0.5489 -0.5339)
(155.0000 0.0000 -0.5399 -0.4632 -0.5010 -0.5505 -0.5724 -0.5719 -0.5525)
(160.0000 0.0000 -0.5720 -0.4696 -0.5201 -0.5862 -0.6155 -0.6148 -0.5890)
(161.4290 0.0000 -0.5898 -0.4768 -0.5325 -0.6055 -0.6378 -0.6369 -0.6084)
(162.8570 0.0000 -0.6132 -0.4876 -0.5495 -0.6306 -0.6665 -0.6656 -0.6339)
(164.2860 0.0000 -0.6365 -0.4983 -0.5665 -0.6557 -0.6952 -0.6942 -0.6594)
(165.7140 0.0000 -0.6599 -0.5091 -0.5834 -0.6808 -0.7240 -0.7229 -0.6848)
(167.1430 0.0000 -0.6103 -0.4695 -0.5389 -0.6299 -0.6702 -0.6691 -0.6336)
(168.5710 0.0000 -0.5425 -0.4173 -0.4790 -0.5599 -0.5957 -0.5948 -0.5632)
(170.0000 0.0000 -0.4747 -0.3652 -0.4192 -0.4899 -0.5212 -0.5204 -0.4928)
(171.4290 0.0000 -0.4069 -0.3130 -0.3593 -0.4199 -0.4468 -0.4461 -0.4224)
(172.8570 0.0000 -0.3391 -0.2608 -0.2994 -0.3499 -0.3723 -0.3717 -0.3520)
(174.2860 0.0000 -0.2713 -0.2087 -0.2395 -0.2799 -0.2978 -0.2974 -0.2816)
(175.7140 0.0000 -0.2034 -0.1565 -0.1796 -0.2100 -0.2234 -0.2230 -0.2112)
(177.1430 0.0000 -0.1356 -0.1043 -0.1198 -0.1400 -0.1489 -0.1487 -0.1408)
(178.5710 0.0000 -0.0678 -0.0522 -0.0599 -0.0700 -0.0745 -0.0743 -0.0704)
(180.0000 0.0000 0.0000 0.0000 0.0000 0.0000 0.0000 0.0000 0.0000)
