// Lift coefficient polar, from OC6 Phase III
// alpha[deg] 
// Re = 0.0E+0 5.0E+04 6.0E+04 7.5E+04 1.0E+05 1.5E+05 1.7E+05 2.0E+05 
(-180.0000 0.0000 0.0000 0.0000 0.0000 0.0000 0.0000 0.0000 0.0000)
(-178.5710 0.0000 0.0678 0.0522 0.0599 0.0700 0.0745 0.0743 0.0704)
(-177.1430 0.0000 0.1356 0.1043 0.1198 0.1400 0.1489 0.1487 0.1408)
(-175.7140 0.0000 0.2034 0.1565 0.1796 0.2100 0.2234 0.2230 0.2112)
(-174.2860 0.0000 0.2713 0.2087 0.2395 0.2799 0.2978 0.2974 0.2816)
(-172.8570 0.0000 0.3391 0.2608 0.2994 0.3499 0.3723 0.3717 0.3520)
(-171.4290 0.0000 0.4069 0.3130 0.3593 0.4199 0.4468 0.4461 0.4224)
(-170.0000 0.0000 0.4747 0.3652 0.4192 0.4899 0.5212 0.5204 0.4928)
(-168.5710 0.0000 0.5425 0.4173 0.4790 0.5599 0.5957 0.5948 0.5632)
(-167.1430 0.0000 0.6103 0.4695 0.5389 0.6299 0.6702 0.6691 0.6336)
(-165.7140 0.0000 0.6599 0.5091 0.5834 0.6808 0.7240 0.7229 0.6848)
(-164.2860 0.0000 0.6365 0.4983 0.5665 0.6557 0.6952 0.6942 0.6594)
(-162.8570 0.0000 0.6132 0.4876 0.5495 0.6306 0.6665 0.6656 0.6339)
(-161.4290 0.0000 0.5898 0.4768 0.5325 0.6055 0.6378 0.6369 0.6084)
(-160.0000 0.0000 0.5720 0.4696 0.5201 0.5862 0.6155 0.6148 0.5890)
(-155.0000 0.0000 0.5399 0.4632 0.5010 0.5505 0.5724 0.5719 0.5525)
(-150.0000 0.0000 0.5242 0.4649 0.4941 0.5324 0.5493 0.5489 0.5339)
(-145.0000 0.0000 0.5119 0.4656 0.4884 0.5183 0.5316 0.5312 0.5195)
(-140.0000 0.0000 0.4974 0.4612 0.4790 0.5024 0.5127 0.5125 0.5033)
(-135.0000 0.0000 0.4775 0.4494 0.4633 0.4814 0.4894 0.4892 0.4821)
(-130.0000 0.0000 0.4506 0.4291 0.4397 0.4535 0.4597 0.4595 0.4541)
(-125.0000 0.0000 0.4158 0.3998 0.4077 0.4180 0.4226 0.4225 0.4185)
(-120.0000 0.0000 0.3731 0.3616 0.3673 0.3747 0.3780 0.3779 0.3750)
(-115.0000 0.0000 0.3229 0.3150 0.3189 0.3240 0.3262 0.3262 0.3242)
(-110.0000 0.0000 0.2660 0.2610 0.2635 0.2667 0.2681 0.2681 0.2668)
(-105.0000 0.0000 0.2037 0.2009 0.2022 0.2040 0.2048 0.2048 0.2041)
(-100.0000 0.0000 0.1374 0.1361 0.1367 0.1375 0.1379 0.1379 0.1376)
(-95.0000 0.0000 0.0688 0.0685 0.0687 0.0689 0.0690 0.0690 0.0689)
(-90.0000 0.0000 0.0000 0.0000 0.0000 0.0000 0.0000 0.0000 0.0000)
(-85.0000 0.0000 -0.0688 -0.0685 -0.0687 -0.0689 -0.0690 -0.0690 -0.0689)
(-80.0000 0.0000 -0.1374 -0.1361 -0.1367 -0.1375 -0.1379 -0.1379 -0.1376)
(-75.0000 0.0000 -0.2037 -0.2009 -0.2022 -0.2040 -0.2048 -0.2048 -0.2041)
(-70.0000 0.0000 -0.2660 -0.2610 -0.2635 -0.2667 -0.2681 -0.2681 -0.2668)
(-65.0000 0.0000 -0.3229 -0.3150 -0.3189 -0.3240 -0.3262 -0.3262 -0.3242)
(-60.0000 0.0000 -0.3731 -0.3616 -0.3673 -0.3747 -0.3780 -0.3779 -0.3750)
(-55.0000 0.0000 -0.4158 -0.3998 -0.4077 -0.4180 -0.4226 -0.4225 -0.4185)
(-50.0000 0.0000 -0.4506 -0.4291 -0.4397 -0.4535 -0.4597 -0.4595 -0.4541)
(-45.0000 0.0000 -0.4775 -0.4494 -0.4633 -0.4814 -0.4894 -0.4892 -0.4821)
(-40.0000 0.0000 -0.4974 -0.4612 -0.4790 -0.5024 -0.5127 -0.5125 -0.5033)
(-35.0000 0.0000 -0.5119 -0.4656 -0.4884 -0.5183 -0.5316 -0.5312 -0.5195)
(-30.0000 0.0000 -0.5242 -0.4649 -0.4941 -0.5324 -0.5493 -0.5489 -0.5339)
(-25.0000 0.0000 -0.5399 -0.4632 -0.5010 -0.5505 -0.5724 -0.5719 -0.5525)
(-20.0000 0.0000 -0.5720 -0.4696 -0.5201 -0.5862 -0.6155 -0.6148 -0.5890)
(-19.2860 0.0000 -0.5781 -0.4715 -0.5240 -0.5929 -0.6234 -0.6226 -0.5957)
(-18.5710 0.0000 -0.5898 -0.4768 -0.5325 -0.6055 -0.6378 -0.6369 -0.6084)
(-17.8570 0.0000 -0.6015 -0.4822 -0.5410 -0.6180 -0.6521 -0.6513 -0.6212)
(-17.1430 0.0000 -0.6132 -0.4876 -0.5495 -0.6306 -0.6665 -0.6656 -0.6339)
(-16.4290 0.0000 -0.6249 -0.4930 -0.5580 -0.6432 -0.6809 -0.6799 -0.6466)
(-15.7140 0.0000 -0.6365 -0.4983 -0.5665 -0.6557 -0.6952 -0.6942 -0.6594)
(-15.0000 0.0000 -0.6482 -0.5037 -0.5750 -0.6683 -0.7096 -0.7086 -0.6721)
(-14.2860 0.0000 -0.6599 -0.5091 -0.5834 -0.6808 -0.7240 -0.7229 -0.6848)
(-13.5710 0.0000 -0.6224 -0.4814 -0.5502 -0.6399 -0.6804 -0.6798 -0.6450)
(-12.8570 0.0000 -0.5521 -0.4318 -0.4892 -0.5634 -0.5983 -0.5983 -0.5702)
(-12.1430 0.0000 -0.4817 -0.3821 -0.4282 -0.4869 -0.5161 -0.5169 -0.4953)
(-11.4290 0.0000 -0.4114 -0.3325 -0.3672 -0.4103 -0.4340 -0.4355 -0.4205)
(-10.0000 0.0000 -0.2824 -0.2448 -0.2554 -0.2651 -0.2752 -0.2779 -0.2757)
(-9.0000 0.0000 -0.3074 -0.2709 -0.2781 -0.3011 -0.3143 -0.3188 -0.3187)
(-8.0000 0.0000 -0.3325 -0.2971 -0.3008 -0.3370 -0.3534 -0.3597 -0.3638)
(-7.0000 0.0000 -0.3432 -0.3218 -0.3284 -0.3566 -0.3664 -0.3638 -0.3461)
(-6.0000 0.0000 -0.3539 -0.3462 -0.3565 -0.3762 -0.3793 -0.3680 -0.3215)
(-5.0000 0.0000 -0.2605 -0.2545 -0.2542 -0.2583 -0.2294 -0.2073 -0.1606)
(-4.0000 0.0000 -0.1671 -0.1523 -0.1446 -0.1403 -0.0795 -0.0467 0.0003)
(-3.0000 0.0000 -0.0698 -0.0502 -0.0352 -0.0123 0.0715 0.0927 0.1176)
(-2.0000 0.0000 0.0275 0.0519 0.0742 0.1158 0.2226 0.2321 0.2350)
(-1.0000 0.0000 0.1198 0.1475 0.1900 0.2606 0.3139 0.3194 0.3262)
(0.0000 0.0000 0.2011 0.2431 0.3057 0.4010 0.4052 0.4068 0.4174)
(1.0000 0.0000 0.3029 0.3611 0.4613 0.5019 0.5050 0.5059 0.5132)
(2.0000 0.0000 0.4351 0.5475 0.5812 0.5957 0.5972 0.5962 0.6052)
(3.0000 0.0000 0.6191 0.6654 0.6875 0.6992 0.6900 0.6899 0.6968)
(4.0000 0.0000 0.7473 0.7715 0.7806 0.7888 0.7920 0.7925 0.7910)
(5.0000 0.0000 0.8344 0.8621 0.8706 0.8789 0.8854 0.8865 0.8854)
(6.0000 0.0000 0.9300 0.9428 0.9522 0.9649 0.9734 0.9744 0.9743)
(7.0000 0.0000 1.0098 1.0176 1.0306 1.0456 1.0565 1.0579 1.0586)
(8.0000 0.0000 1.0818 1.0909 1.1035 1.1197 1.1319 1.1349 1.1372)
(9.0000 0.0000 1.1424 1.1541 1.1655 1.1845 1.1973 1.2013 1.2035)
(10.0000 0.0000 1.1951 1.2148 1.2233 1.2413 1.2502 1.2517 1.2563)
(11.0000 0.0000 1.2259 1.2530 1.2637 1.2488 1.2745 1.2730 1.2727)
(12.0000 0.0000 1.0725 1.0450 1.0203 1.0592 1.2525 1.2325 1.2141)
(13.0000 0.0000 0.9970 1.0030 1.0427 1.0335 1.1654 1.1184 1.0717)
(14.0000 0.0000 0.9643 0.7494 0.8565 0.9967 1.0564 1.0547 1.0007)
(15.0000 0.0000 0.9432 0.7407 0.8417 0.9740 1.0302 1.0285 0.9777)
(16.0000 0.0000 0.9216 0.7314 0.8263 0.9506 1.0034 1.0019 0.9541)
(17.0000 0.0000 0.8999 0.7221 0.8109 0.9271 0.9766 0.9751 0.9304)
(18.0000 0.0000 0.8781 0.7126 0.7953 0.9036 0.9496 0.9482 0.9067)
(19.0000 0.0000 0.8561 0.7030 0.7796 0.8799 0.9225 0.9212 0.8828)
(20.0000 0.0000 0.8420 0.6983 0.7702 0.8644 0.9044 0.9032 0.8671)
(25.0000 0.0000 0.8004 0.6926 0.7467 0.8175 0.8475 0.8466 0.8195)
(30.0000 0.0000 0.7800 0.6966 0.7385 0.7934 0.8166 0.8160 0.7950)
(35.0000 0.0000 0.7628 0.6975 0.7304 0.7734 0.7916 0.7911 0.7747)
(40.0000 0.0000 0.7410 0.6899 0.7156 0.7493 0.7636 0.7632 0.7503)
(45.0000 0.0000 0.7104 0.6708 0.6908 0.7170 0.7280 0.7277 0.7178)
(50.0000 0.0000 0.6689 0.6386 0.6539 0.6740 0.6825 0.6822 0.6746)
(55.0000 0.0000 0.6156 0.5930 0.6044 0.6194 0.6258 0.6256 0.6199)
(60.0000 0.0000 0.5506 0.5343 0.5425 0.5533 0.5580 0.5578 0.5537)
(65.0000 0.0000 0.4746 0.4635 0.4691 0.4765 0.4797 0.4797 0.4769)
(70.0000 0.0000 0.3893 0.3823 0.3858 0.3905 0.3926 0.3925 0.3908)
(75.0000 0.0000 0.2966 0.2927 0.2947 0.2973 0.2985 0.2984 0.2974)
(80.0000 0.0000 0.1990 0.1972 0.1981 0.1993 0.1998 0.1998 0.1993)
(85.0000 0.0000 0.0991 0.0986 0.0989 0.0992 0.0993 0.0993 0.0992)
(90.0000 0.0000 0.0000 0.0000 0.0000 0.0000 0.0000 0.0000 0.0000)
(95.0000 0.0000 -0.0688 -0.0685 -0.0687 -0.0689 -0.0690 -0.0690 -0.0689)
(100.0000 0.0000 -0.1374 -0.1361 -0.1367 -0.1375 -0.1379 -0.1379 -0.1376)
(105.0000 0.0000 -0.2037 -0.2009 -0.2022 -0.2040 -0.2048 -0.2048 -0.2041)
(110.0000 0.0000 -0.2660 -0.2610 -0.2635 -0.2667 -0.2681 -0.2681 -0.2668)
(115.0000 0.0000 -0.3229 -0.3150 -0.3189 -0.3240 -0.3262 -0.3262 -0.3242)
(120.0000 0.0000 -0.3731 -0.3616 -0.3673 -0.3747 -0.3780 -0.3779 -0.3750)
(125.0000 0.0000 -0.4158 -0.3998 -0.4077 -0.4180 -0.4226 -0.4225 -0.4185)
(130.0000 0.0000 -0.4506 -0.4291 -0.4397 -0.4535 -0.4597 -0.4595 -0.4541)
(135.0000 0.0000 -0.4775 -0.4494 -0.4633 -0.4814 -0.4894 -0.4892 -0.4821)
(140.0000 0.0000 -0.4974 -0.4612 -0.4790 -0.5024 -0.5127 -0.5125 -0.5033)
(145.0000 0.0000 -0.5119 -0.4656 -0.4884 -0.5183 -0.5316 -0.5312 -0.5195)
(150.0000 0.0000 -0.5242 -0.4649 -0.4941 -0.5324 -0.5493 -0.5489 -0.5339)
(155.0000 0.0000 -0.5399 -0.4632 -0.5010 -0.5505 -0.5724 -0.5719 -0.5525)
(160.0000 0.0000 -0.5720 -0.4696 -0.5201 -0.5862 -0.6155 -0.6148 -0.5890)
(161.4290 0.0000 -0.5898 -0.4768 -0.5325 -0.6055 -0.6378 -0.6369 -0.6084)
(162.8570 0.0000 -0.6132 -0.4876 -0.5495 -0.6306 -0.6665 -0.6656 -0.6339)
(164.2860 0.0000 -0.6365 -0.4983 -0.5665 -0.6557 -0.6952 -0.6942 -0.6594)
(165.7140 0.0000 -0.6599 -0.5091 -0.5834 -0.6808 -0.7240 -0.7229 -0.6848)
(167.1430 0.0000 -0.6103 -0.4695 -0.5389 -0.6299 -0.6702 -0.6691 -0.6336)
(168.5710 0.0000 -0.5425 -0.4173 -0.4790 -0.5599 -0.5957 -0.5948 -0.5632)
(170.0000 0.0000 -0.4747 -0.3652 -0.4192 -0.4899 -0.5212 -0.5204 -0.4928)
(171.4290 0.0000 -0.4069 -0.3130 -0.3593 -0.4199 -0.4468 -0.4461 -0.4224)
(172.8570 0.0000 -0.3391 -0.2608 -0.2994 -0.3499 -0.3723 -0.3717 -0.3520)
(174.2860 0.0000 -0.2713 -0.2087 -0.2395 -0.2799 -0.2978 -0.2974 -0.2816)
(175.7140 0.0000 -0.2034 -0.1565 -0.1796 -0.2100 -0.2234 -0.2230 -0.2112)
(177.1430 0.0000 -0.1356 -0.1043 -0.1198 -0.1400 -0.1489 -0.1487 -0.1408)
(178.5710 0.0000 -0.0678 -0.0522 -0.0599 -0.0700 -0.0745 -0.0743 -0.0704)
(180.0000 0.0000 0.0000 0.0000 0.0000 0.0000 0.0000 0.0000 0.0000)
