// Lift coefficient polar, from OC6 Phase III
// alpha[deg] 
// Re = 0.0E+0 5.0E+04 6.0E+04 7.5E+04 1.0E+05 1.5E+05 1.7E+05 2.0E+05 
(-180.0000 0.0000 0.0000 0.0000 0.0000 0.0000 0.0000 0.0000 0.0000)
(-178.5710 0.0000 0.0678 0.0522 0.0599 0.0700 0.0745 0.0743 0.0704)
(-177.1430 0.0000 0.1356 0.1043 0.1198 0.1400 0.1489 0.1487 0.1408)
(-175.7140 0.0000 0.2034 0.1565 0.1796 0.2100 0.2234 0.2230 0.2112)
(-174.2860 0.0000 0.2713 0.2087 0.2395 0.2799 0.2978 0.2974 0.2816)
(-172.8570 0.0000 0.3391 0.2608 0.2994 0.3499 0.3723 0.3717 0.3520)
(-171.4290 0.0000 0.4069 0.3130 0.3593 0.4199 0.4468 0.4461 0.4224)
(-170.0000 0.0000 0.4747 0.3652 0.4192 0.4899 0.5212 0.5204 0.4928)
(-168.5710 0.0000 0.5425 0.4173 0.4790 0.5599 0.5957 0.5948 0.5632)
(-167.1430 0.0000 0.6103 0.4695 0.5389 0.6299 0.6702 0.6691 0.6336)
(-165.7140 0.0000 0.6599 0.5091 0.5834 0.6808 0.7240 0.7229 0.6848)
(-164.2860 0.0000 0.6365 0.4983 0.5665 0.6557 0.6952 0.6942 0.6594)
(-162.8570 0.0000 0.6132 0.4876 0.5495 0.6306 0.6665 0.6656 0.6339)
(-161.4290 0.0000 0.5898 0.4768 0.5325 0.6055 0.6378 0.6369 0.6084)
(-160.0000 0.0000 0.5720 0.4696 0.5201 0.5862 0.6155 0.6148 0.5890)
(-155.0000 0.0000 0.5399 0.4632 0.5010 0.5505 0.5724 0.5719 0.5525)
(-150.0000 0.0000 0.5242 0.4649 0.4941 0.5324 0.5493 0.5489 0.5339)
(-145.0000 0.0000 0.5119 0.4656 0.4884 0.5183 0.5316 0.5312 0.5195)
(-140.0000 0.0000 0.4974 0.4612 0.4790 0.5024 0.5127 0.5125 0.5033)
(-135.0000 0.0000 0.4775 0.4494 0.4633 0.4814 0.4894 0.4892 0.4821)
(-130.0000 0.0000 0.4506 0.4291 0.4397 0.4535 0.4597 0.4595 0.4541)
(-125.0000 0.0000 0.4158 0.3998 0.4077 0.4180 0.4226 0.4225 0.4185)
(-120.0000 0.0000 0.3731 0.3616 0.3673 0.3747 0.3780 0.3779 0.3750)
(-115.0000 0.0000 0.3229 0.3150 0.3189 0.3240 0.3262 0.3262 0.3242)
(-110.0000 0.0000 0.2660 0.2610 0.2635 0.2667 0.2681 0.2681 0.2668)
(-105.0000 0.0000 0.2037 0.2009 0.2022 0.2040 0.2048 0.2048 0.2041)
(-100.0000 0.0000 0.1374 0.1361 0.1367 0.1375 0.1379 0.1379 0.1376)
(-95.0000 0.0000 0.0688 0.0685 0.0687 0.0689 0.0690 0.0690 0.0689)
(-90.0000 0.0000 0.0000 0.0000 0.0000 0.0000 0.0000 0.0000 0.0000)
(-85.0000 0.0000 -0.0688 -0.0685 -0.0687 -0.0689 -0.0690 -0.0690 -0.0689)
(-80.0000 0.0000 -0.1374 -0.1361 -0.1367 -0.1375 -0.1379 -0.1379 -0.1376)
(-75.0000 0.0000 -0.2037 -0.2009 -0.2022 -0.2040 -0.2048 -0.2048 -0.2041)
(-70.0000 0.0000 -0.2660 -0.2610 -0.2635 -0.2667 -0.2681 -0.2681 -0.2668)
(-65.0000 0.0000 -0.3229 -0.3150 -0.3189 -0.3240 -0.3262 -0.3262 -0.3242)
(-60.0000 0.0000 -0.3731 -0.3616 -0.3673 -0.3747 -0.3780 -0.3779 -0.3750)
(-55.0000 0.0000 -0.4158 -0.3998 -0.4077 -0.4180 -0.4226 -0.4225 -0.4185)
(-50.0000 0.0000 -0.4506 -0.4291 -0.4397 -0.4535 -0.4597 -0.4595 -0.4541)
(-45.0000 0.0000 -0.4775 -0.4494 -0.4633 -0.4814 -0.4894 -0.4892 -0.4821)
(-40.0000 0.0000 -0.4974 -0.4612 -0.4790 -0.5024 -0.5127 -0.5125 -0.5033)
(-35.0000 0.0000 -0.5119 -0.4656 -0.4884 -0.5183 -0.5316 -0.5312 -0.5195)
(-30.0000 0.0000 -0.5242 -0.4649 -0.4941 -0.5324 -0.5493 -0.5489 -0.5339)
(-25.0000 0.0000 -0.5399 -0.4632 -0.5010 -0.5505 -0.5724 -0.5719 -0.5525)
(-20.0000 0.0000 -0.5720 -0.4696 -0.5201 -0.5862 -0.6155 -0.6148 -0.5890)
(-19.2860 0.0000 -0.5781 -0.4715 -0.5240 -0.5929 -0.6234 -0.6226 -0.5957)
(-18.5710 0.0000 -0.5898 -0.4768 -0.5325 -0.6055 -0.6378 -0.6369 -0.6084)
(-17.8570 0.0000 -0.6015 -0.4822 -0.5410 -0.6180 -0.6521 -0.6513 -0.6212)
(-17.1430 0.0000 -0.6132 -0.4876 -0.5495 -0.6306 -0.6665 -0.6656 -0.6339)
(-16.4290 0.0000 -0.6249 -0.4930 -0.5580 -0.6432 -0.6809 -0.6799 -0.6466)
(-15.7140 0.0000 -0.6365 -0.4983 -0.5665 -0.6557 -0.6952 -0.6942 -0.6594)
(-15.0000 0.0000 -0.6482 -0.5037 -0.5750 -0.6683 -0.7096 -0.7086 -0.6721)
(-14.2860 0.0000 -0.6599 -0.5091 -0.5834 -0.6808 -0.7240 -0.7229 -0.6848)
(-13.5710 0.0000 -0.6224 -0.4814 -0.5502 -0.6399 -0.6804 -0.6798 -0.6450)
(-12.8570 0.0000 -0.5521 -0.4318 -0.4892 -0.5634 -0.5983 -0.5983 -0.5702)
(-12.1430 0.0000 -0.4817 -0.3821 -0.4282 -0.4869 -0.5161 -0.5169 -0.4953)
(-11.4290 0.0000 -0.4114 -0.3325 -0.3672 -0.4103 -0.4340 -0.4355 -0.4205)
(-10.0000 0.0000 -0.3988 -0.3604 -0.3574 -0.3444 -0.3306 -0.3302 -0.3250)
(-9.0000 0.0000 -0.4003 -0.3628 -0.3569 -0.3545 -0.3421 -0.3429 -0.3394)
(-8.0000 0.0000 -0.4017 -0.3653 -0.3563 -0.3647 -0.3535 -0.3556 -0.3553)
(-7.0000 0.0000 -0.3912 -0.3664 -0.3599 -0.3614 -0.3443 -0.3393 -0.3218)
(-6.0000 0.0000 -0.3807 -0.3674 -0.3638 -0.3581 -0.3350 -0.3230 -0.2829)
(-5.0000 0.0000 -0.2830 -0.2711 -0.2589 -0.2411 -0.1964 -0.1765 -0.1364)
(-4.0000 0.0000 -0.1852 -0.1660 -0.1480 -0.1242 -0.0578 -0.0299 0.0101)
(-3.0000 0.0000 -0.0843 -0.0610 -0.0372 0.0011 0.0816 0.0998 0.1222)
(-2.0000 0.0000 0.0167 0.0440 0.0736 0.1264 0.2211 0.2295 0.2344)
(-1.0000 0.0000 0.1135 0.1435 0.1897 0.2655 0.3131 0.3182 0.3259)
(0.0000 0.0000 0.2011 0.2431 0.3057 0.4010 0.4052 0.4068 0.4174)
(1.0000 0.0000 0.3059 0.3614 0.4551 0.5038 0.5040 0.5047 0.5125)
(2.0000 0.0000 0.4361 0.5370 0.5746 0.6009 0.5967 0.5957 0.6047)
(3.0000 0.0000 0.6097 0.6552 0.6828 0.7059 0.6900 0.6893 0.6965)
(4.0000 0.0000 0.7365 0.7636 0.7800 0.7994 0.7905 0.7900 0.7904)
(5.0000 0.0000 0.8290 0.8589 0.8746 0.8933 0.8842 0.8838 0.8844)
(6.0000 0.0000 0.9285 0.9460 0.9621 0.9839 0.9737 0.9729 0.9741)
(7.0000 0.0000 1.0148 1.0282 1.0470 1.0701 1.0592 1.0585 1.0602)
(8.0000 0.0000 1.0946 1.1090 1.1273 1.1508 1.1386 1.1389 1.1418)
(9.0000 0.0000 1.1649 1.1814 1.1986 1.2238 1.2101 1.2110 1.2136)
(10.0000 0.0000 1.2286 1.2518 1.2663 1.2903 1.2717 1.2704 1.2749)
(11.0000 0.0000 1.2738 1.3033 1.3195 1.3159 1.3106 1.3068 1.3073)
(12.0000 0.0000 1.1648 1.1486 1.1360 1.1788 1.3126 1.2944 1.2807)
(13.0000 0.0000 1.1211 1.1329 1.1741 1.1771 1.2631 1.2238 1.1880)
(14.0000 0.0000 1.1132 0.9400 1.0383 1.1663 1.1962 1.1930 1.1516)
(15.0000 0.0000 1.1150 0.9522 1.0454 1.1670 1.1949 1.1919 1.1530)
(16.0000 0.0000 1.1112 0.9577 1.0460 1.1614 1.1881 1.1854 1.1486)
(17.0000 0.0000 1.1061 0.9620 1.0454 1.1545 1.1800 1.1774 1.1429)
(18.0000 0.0000 1.0998 0.9653 1.0437 1.1464 1.1705 1.1681 1.1359)
(19.0000 0.0000 1.0923 0.9675 1.0408 1.1370 1.1597 1.1575 1.1276)
(20.0000 0.0000 1.0904 0.9729 1.0423 1.1335 1.1551 1.1530 1.1248)
(25.0000 0.0000 1.0921 1.0025 1.0567 1.1281 1.1450 1.1435 1.1219)
(30.0000 0.0000 1.0922 1.0218 1.0650 1.1223 1.1358 1.1346 1.1175)
(35.0000 0.0000 1.0782 1.0223 1.0570 1.1032 1.1141 1.1132 1.0995)
(40.0000 0.0000 1.0458 1.0014 1.0292 1.0663 1.0752 1.0745 1.0636)
(45.0000 0.0000 0.9934 0.9585 0.9806 1.0100 1.0174 1.0169 1.0083)
(50.0000 0.0000 0.9216 0.8946 0.9118 0.9347 0.9408 0.9404 0.9338)
(55.0000 0.0000 0.8317 0.8113 0.8243 0.8418 0.8468 0.8466 0.8415)
(60.0000 0.0000 0.7262 0.7114 0.7209 0.7338 0.7377 0.7376 0.7339)
(65.0000 0.0000 0.6085 0.5983 0.6049 0.6139 0.6169 0.6168 0.6143)
(70.0000 0.0000 0.4828 0.4763 0.4805 0.4863 0.4884 0.4884 0.4868)
(75.0000 0.0000 0.3536 0.3499 0.3523 0.3556 0.3569 0.3569 0.3560)
(80.0000 0.0000 0.2262 0.2246 0.2257 0.2272 0.2278 0.2278 0.2274)
(85.0000 0.0000 0.1064 0.1060 0.1063 0.1066 0.1068 0.1068 0.1067)
(90.0000 0.0000 0.0000 0.0000 0.0000 0.0000 0.0000 0.0000 0.0000)
(95.0000 0.0000 -0.0688 -0.0685 -0.0687 -0.0689 -0.0690 -0.0690 -0.0689)
(100.0000 0.0000 -0.1374 -0.1361 -0.1367 -0.1375 -0.1379 -0.1379 -0.1376)
(105.0000 0.0000 -0.2037 -0.2009 -0.2022 -0.2040 -0.2048 -0.2048 -0.2041)
(110.0000 0.0000 -0.2660 -0.2610 -0.2635 -0.2667 -0.2681 -0.2681 -0.2668)
(115.0000 0.0000 -0.3229 -0.3150 -0.3189 -0.3240 -0.3262 -0.3262 -0.3242)
(120.0000 0.0000 -0.3731 -0.3616 -0.3673 -0.3747 -0.3780 -0.3779 -0.3750)
(125.0000 0.0000 -0.4158 -0.3998 -0.4077 -0.4180 -0.4226 -0.4225 -0.4185)
(130.0000 0.0000 -0.4506 -0.4291 -0.4397 -0.4535 -0.4597 -0.4595 -0.4541)
(135.0000 0.0000 -0.4775 -0.4494 -0.4633 -0.4814 -0.4894 -0.4892 -0.4821)
(140.0000 0.0000 -0.4974 -0.4612 -0.4790 -0.5024 -0.5127 -0.5125 -0.5033)
(145.0000 0.0000 -0.5119 -0.4656 -0.4884 -0.5183 -0.5316 -0.5312 -0.5195)
(150.0000 0.0000 -0.5242 -0.4649 -0.4941 -0.5324 -0.5493 -0.5489 -0.5339)
(155.0000 0.0000 -0.5399 -0.4632 -0.5010 -0.5505 -0.5724 -0.5719 -0.5525)
(160.0000 0.0000 -0.5720 -0.4696 -0.5201 -0.5862 -0.6155 -0.6148 -0.5890)
(161.4290 0.0000 -0.5898 -0.4768 -0.5325 -0.6055 -0.6378 -0.6369 -0.6084)
(162.8570 0.0000 -0.6132 -0.4876 -0.5495 -0.6306 -0.6665 -0.6656 -0.6339)
(164.2860 0.0000 -0.6365 -0.4983 -0.5665 -0.6557 -0.6952 -0.6942 -0.6594)
(165.7140 0.0000 -0.6599 -0.5091 -0.5834 -0.6808 -0.7240 -0.7229 -0.6848)
(167.1430 0.0000 -0.6103 -0.4695 -0.5389 -0.6299 -0.6702 -0.6691 -0.6336)
(168.5710 0.0000 -0.5425 -0.4173 -0.4790 -0.5599 -0.5957 -0.5948 -0.5632)
(170.0000 0.0000 -0.4747 -0.3652 -0.4192 -0.4899 -0.5212 -0.5204 -0.4928)
(171.4290 0.0000 -0.4069 -0.3130 -0.3593 -0.4199 -0.4468 -0.4461 -0.4224)
(172.8570 0.0000 -0.3391 -0.2608 -0.2994 -0.3499 -0.3723 -0.3717 -0.3520)
(174.2860 0.0000 -0.2713 -0.2087 -0.2395 -0.2799 -0.2978 -0.2974 -0.2816)
(175.7140 0.0000 -0.2034 -0.1565 -0.1796 -0.2100 -0.2234 -0.2230 -0.2112)
(177.1430 0.0000 -0.1356 -0.1043 -0.1198 -0.1400 -0.1489 -0.1487 -0.1408)
(178.5710 0.0000 -0.0678 -0.0522 -0.0599 -0.0700 -0.0745 -0.0743 -0.0704)
(180.0000 0.0000 0.0000 0.0000 0.0000 0.0000 0.0000 0.0000 0.0000)
