// Lift coefficient polar, from OC6 Phase III
// alpha[deg] 
// Re = 0.0E+0 5.0E+04 6.0E+04 7.5E+04 1.0E+05 1.5E+05 1.7E+05 2.0E+05 
(-180.0000 0.0000 0.0000 0.0000 0.0000 0.0000 0.0000 0.0000 0.0000)
(-178.5710 0.0000 0.0678 0.0522 0.0599 0.0700 0.0745 0.0743 0.0704)
(-177.1430 0.0000 0.1356 0.1043 0.1198 0.1400 0.1489 0.1487 0.1408)
(-175.7140 0.0000 0.2034 0.1565 0.1796 0.2100 0.2234 0.2230 0.2112)
(-174.2860 0.0000 0.2713 0.2087 0.2395 0.2799 0.2978 0.2974 0.2816)
(-172.8570 0.0000 0.3391 0.2608 0.2994 0.3499 0.3723 0.3717 0.3520)
(-171.4290 0.0000 0.4069 0.3130 0.3593 0.4199 0.4468 0.4461 0.4224)
(-170.0000 0.0000 0.4747 0.3652 0.4192 0.4899 0.5212 0.5204 0.4928)
(-168.5710 0.0000 0.5425 0.4173 0.4790 0.5599 0.5957 0.5948 0.5632)
(-167.1430 0.0000 0.6103 0.4695 0.5389 0.6299 0.6702 0.6691 0.6336)
(-165.7140 0.0000 0.6599 0.5091 0.5834 0.6808 0.7240 0.7229 0.6848)
(-164.2860 0.0000 0.6365 0.4983 0.5665 0.6557 0.6952 0.6942 0.6594)
(-162.8570 0.0000 0.6132 0.4876 0.5495 0.6306 0.6665 0.6656 0.6339)
(-161.4290 0.0000 0.5898 0.4768 0.5325 0.6055 0.6378 0.6369 0.6084)
(-160.0000 0.0000 0.5720 0.4696 0.5201 0.5862 0.6155 0.6148 0.5890)
(-155.0000 0.0000 0.5399 0.4632 0.5010 0.5505 0.5724 0.5719 0.5525)
(-150.0000 0.0000 0.5242 0.4649 0.4941 0.5324 0.5493 0.5489 0.5339)
(-145.0000 0.0000 0.5119 0.4656 0.4884 0.5183 0.5316 0.5312 0.5195)
(-140.0000 0.0000 0.4974 0.4612 0.4790 0.5024 0.5127 0.5125 0.5033)
(-135.0000 0.0000 0.4775 0.4494 0.4633 0.4814 0.4894 0.4892 0.4821)
(-130.0000 0.0000 0.4506 0.4291 0.4397 0.4535 0.4597 0.4595 0.4541)
(-125.0000 0.0000 0.4158 0.3998 0.4077 0.4180 0.4226 0.4225 0.4185)
(-120.0000 0.0000 0.3731 0.3616 0.3673 0.3747 0.3780 0.3779 0.3750)
(-115.0000 0.0000 0.3229 0.3150 0.3189 0.3240 0.3262 0.3262 0.3242)
(-110.0000 0.0000 0.2660 0.2610 0.2635 0.2667 0.2681 0.2681 0.2668)
(-105.0000 0.0000 0.2037 0.2009 0.2022 0.2040 0.2048 0.2048 0.2041)
(-100.0000 0.0000 0.1374 0.1361 0.1367 0.1375 0.1379 0.1379 0.1376)
(-95.0000 0.0000 0.0688 0.0685 0.0687 0.0689 0.0690 0.0690 0.0689)
(-90.0000 0.0000 0.0000 0.0000 0.0000 0.0000 0.0000 0.0000 0.0000)
(-85.0000 0.0000 -0.0688 -0.0685 -0.0687 -0.0689 -0.0690 -0.0690 -0.0689)
(-80.0000 0.0000 -0.1374 -0.1361 -0.1367 -0.1375 -0.1379 -0.1379 -0.1376)
(-75.0000 0.0000 -0.2037 -0.2009 -0.2022 -0.2040 -0.2048 -0.2048 -0.2041)
(-70.0000 0.0000 -0.2660 -0.2610 -0.2635 -0.2667 -0.2681 -0.2681 -0.2668)
(-65.0000 0.0000 -0.3229 -0.3150 -0.3189 -0.3240 -0.3262 -0.3262 -0.3242)
(-60.0000 0.0000 -0.3731 -0.3616 -0.3673 -0.3747 -0.3780 -0.3779 -0.3750)
(-55.0000 0.0000 -0.4158 -0.3998 -0.4077 -0.4180 -0.4226 -0.4225 -0.4185)
(-50.0000 0.0000 -0.4506 -0.4291 -0.4397 -0.4535 -0.4597 -0.4595 -0.4541)
(-45.0000 0.0000 -0.4775 -0.4494 -0.4633 -0.4814 -0.4894 -0.4892 -0.4821)
(-40.0000 0.0000 -0.4974 -0.4612 -0.4790 -0.5024 -0.5127 -0.5125 -0.5033)
(-35.0000 0.0000 -0.5119 -0.4656 -0.4884 -0.5183 -0.5316 -0.5312 -0.5195)
(-30.0000 0.0000 -0.5242 -0.4649 -0.4941 -0.5324 -0.5493 -0.5489 -0.5339)
(-25.0000 0.0000 -0.5399 -0.4632 -0.5010 -0.5505 -0.5724 -0.5719 -0.5525)
(-20.0000 0.0000 -0.5720 -0.4696 -0.5201 -0.5862 -0.6155 -0.6148 -0.5890)
(-19.2860 0.0000 -0.5781 -0.4715 -0.5240 -0.5929 -0.6234 -0.6226 -0.5957)
(-18.5710 0.0000 -0.5898 -0.4768 -0.5325 -0.6055 -0.6378 -0.6369 -0.6084)
(-17.8570 0.0000 -0.6015 -0.4822 -0.5410 -0.6180 -0.6521 -0.6513 -0.6212)
(-17.1430 0.0000 -0.6132 -0.4876 -0.5495 -0.6306 -0.6665 -0.6656 -0.6339)
(-16.4290 0.0000 -0.6249 -0.4930 -0.5580 -0.6432 -0.6809 -0.6799 -0.6466)
(-15.7140 0.0000 -0.6365 -0.4983 -0.5665 -0.6557 -0.6952 -0.6942 -0.6594)
(-15.0000 0.0000 -0.6482 -0.5037 -0.5750 -0.6683 -0.7096 -0.7086 -0.6721)
(-14.2860 0.0000 -0.6599 -0.5091 -0.5834 -0.6808 -0.7240 -0.7229 -0.6848)
(-13.5710 0.0000 -0.6224 -0.4814 -0.5502 -0.6399 -0.6804 -0.6798 -0.6450)
(-12.8570 0.0000 -0.5521 -0.4318 -0.4892 -0.5634 -0.5983 -0.5983 -0.5702)
(-12.1430 0.0000 -0.4817 -0.3821 -0.4282 -0.4869 -0.5161 -0.5169 -0.4953)
(-11.4290 0.0000 -0.4114 -0.3325 -0.3672 -0.4103 -0.4340 -0.4355 -0.4205)
(-10.0000 0.0000 -0.1791 -0.1421 -0.1647 -0.1948 -0.2260 -0.2315 -0.2319)
(-9.0000 0.0000 -0.2250 -0.1894 -0.2081 -0.2536 -0.2896 -0.2974 -0.3003)
(-8.0000 0.0000 -0.2710 -0.2366 -0.2515 -0.3124 -0.3532 -0.3632 -0.3713)
(-7.0000 0.0000 -0.3005 -0.2821 -0.3005 -0.3524 -0.3860 -0.3856 -0.3677)
(-6.0000 0.0000 -0.3301 -0.3274 -0.3500 -0.3923 -0.4187 -0.4079 -0.3559)
(-5.0000 0.0000 -0.2405 -0.2397 -0.2499 -0.2735 -0.2587 -0.2347 -0.1822)
(-4.0000 0.0000 -0.1510 -0.1401 -0.1416 -0.1547 -0.0987 -0.0615 -0.0085)
(-3.0000 0.0000 -0.0570 -0.0406 -0.0334 -0.0241 0.0626 0.0864 0.1135)
(-2.0000 0.0000 0.0370 0.0590 0.0748 0.1064 0.2239 0.2343 0.2356)
(-1.0000 0.0000 0.1254 0.1510 0.1903 0.2562 0.3145 0.3206 0.3265)
(0.0000 0.0000 0.2011 0.2431 0.3057 0.4010 0.4052 0.4068 0.4174)
(1.0000 0.0000 0.3003 0.3608 0.4669 0.5001 0.5059 0.5069 0.5138)
(2.0000 0.0000 0.4343 0.5568 0.5870 0.5911 0.5976 0.5967 0.6056)
(3.0000 0.0000 0.6275 0.6744 0.6917 0.6933 0.6900 0.6904 0.6971)
(4.0000 0.0000 0.7569 0.7785 0.7812 0.7793 0.7934 0.7947 0.7916)
(5.0000 0.0000 0.8392 0.8649 0.8671 0.8661 0.8864 0.8888 0.8863)
(6.0000 0.0000 0.9313 0.9399 0.9433 0.9480 0.9732 0.9757 0.9745)
(7.0000 0.0000 1.0053 1.0082 1.0160 1.0239 1.0542 1.0574 1.0572)
(8.0000 0.0000 1.0704 1.0748 1.0823 1.0921 1.1259 1.1314 1.1332)
(9.0000 0.0000 1.1224 1.1298 1.1361 1.1496 1.1860 1.1927 1.1945)
(10.0000 0.0000 1.1654 1.1820 1.1850 1.1979 1.2311 1.2351 1.2399)
(11.0000 0.0000 1.1834 1.2084 1.2141 1.1891 1.2425 1.2430 1.2419)
(12.0000 0.0000 0.9905 0.9531 0.9177 0.9529 1.1991 1.1776 1.1549)
(13.0000 0.0000 0.8868 0.8877 0.9260 0.9059 1.0787 1.0248 0.9684)
(14.0000 0.0000 0.8321 0.5801 0.6951 0.8462 0.9323 0.9318 0.8667)
(15.0000 0.0000 0.7906 0.5529 0.6608 0.8026 0.8839 0.8835 0.8219)
(16.0000 0.0000 0.7533 0.5305 0.6313 0.7635 0.8394 0.8390 0.7814)
(17.0000 0.0000 0.7168 0.5090 0.6026 0.7253 0.7960 0.7955 0.7418)
(18.0000 0.0000 0.6812 0.4882 0.5747 0.6880 0.7534 0.7530 0.7031)
(19.0000 0.0000 0.6465 0.4682 0.5476 0.6515 0.7118 0.7114 0.6654)
(20.0000 0.0000 0.6215 0.4545 0.5286 0.6254 0.6818 0.6814 0.6383)
(25.0000 0.0000 0.5414 0.4175 0.4714 0.5416 0.5833 0.5830 0.5511)
(30.0000 0.0000 0.5027 0.4079 0.4485 0.5013 0.5332 0.5330 0.5086)
(35.0000 0.0000 0.4827 0.4092 0.4403 0.4806 0.5052 0.5050 0.4862)
(40.0000 0.0000 0.4703 0.4134 0.4372 0.4679 0.4869 0.4868 0.4722)
(45.0000 0.0000 0.4591 0.4153 0.4334 0.4567 0.4711 0.4710 0.4598)
(50.0000 0.0000 0.4445 0.4114 0.4249 0.4424 0.4531 0.4530 0.4445)
(55.0000 0.0000 0.4237 0.3992 0.4091 0.4219 0.4295 0.4294 0.4231)
(60.0000 0.0000 0.3946 0.3770 0.3841 0.3931 0.3983 0.3982 0.3937)
(65.0000 0.0000 0.3557 0.3438 0.3485 0.3546 0.3580 0.3579 0.3548)
(70.0000 0.0000 0.3064 0.2988 0.3018 0.3056 0.3075 0.3075 0.3055)
(75.0000 0.0000 0.2460 0.2418 0.2435 0.2456 0.2466 0.2465 0.2454)
(80.0000 0.0000 0.1747 0.1728 0.1736 0.1745 0.1749 0.1749 0.1744)
(85.0000 0.0000 0.0926 0.0921 0.0923 0.0925 0.0926 0.0926 0.0925)
(90.0000 0.0000 0.0000 0.0000 0.0000 0.0000 0.0000 0.0000 0.0000)
(95.0000 0.0000 -0.0688 -0.0685 -0.0687 -0.0689 -0.0690 -0.0690 -0.0689)
(100.0000 0.0000 -0.1374 -0.1361 -0.1367 -0.1375 -0.1379 -0.1379 -0.1376)
(105.0000 0.0000 -0.2037 -0.2009 -0.2022 -0.2040 -0.2048 -0.2048 -0.2041)
(110.0000 0.0000 -0.2660 -0.2610 -0.2635 -0.2667 -0.2681 -0.2681 -0.2668)
(115.0000 0.0000 -0.3229 -0.3150 -0.3189 -0.3240 -0.3262 -0.3262 -0.3242)
(120.0000 0.0000 -0.3731 -0.3616 -0.3673 -0.3747 -0.3780 -0.3779 -0.3750)
(125.0000 0.0000 -0.4158 -0.3998 -0.4077 -0.4180 -0.4226 -0.4225 -0.4185)
(130.0000 0.0000 -0.4506 -0.4291 -0.4397 -0.4535 -0.4597 -0.4595 -0.4541)
(135.0000 0.0000 -0.4775 -0.4494 -0.4633 -0.4814 -0.4894 -0.4892 -0.4821)
(140.0000 0.0000 -0.4974 -0.4612 -0.4790 -0.5024 -0.5127 -0.5125 -0.5033)
(145.0000 0.0000 -0.5119 -0.4656 -0.4884 -0.5183 -0.5316 -0.5312 -0.5195)
(150.0000 0.0000 -0.5242 -0.4649 -0.4941 -0.5324 -0.5493 -0.5489 -0.5339)
(155.0000 0.0000 -0.5399 -0.4632 -0.5010 -0.5505 -0.5724 -0.5719 -0.5525)
(160.0000 0.0000 -0.5720 -0.4696 -0.5201 -0.5862 -0.6155 -0.6148 -0.5890)
(161.4290 0.0000 -0.5898 -0.4768 -0.5325 -0.6055 -0.6378 -0.6369 -0.6084)
(162.8570 0.0000 -0.6132 -0.4876 -0.5495 -0.6306 -0.6665 -0.6656 -0.6339)
(164.2860 0.0000 -0.6365 -0.4983 -0.5665 -0.6557 -0.6952 -0.6942 -0.6594)
(165.7140 0.0000 -0.6599 -0.5091 -0.5834 -0.6808 -0.7240 -0.7229 -0.6848)
(167.1430 0.0000 -0.6103 -0.4695 -0.5389 -0.6299 -0.6702 -0.6691 -0.6336)
(168.5710 0.0000 -0.5425 -0.4173 -0.4790 -0.5599 -0.5957 -0.5948 -0.5632)
(170.0000 0.0000 -0.4747 -0.3652 -0.4192 -0.4899 -0.5212 -0.5204 -0.4928)
(171.4290 0.0000 -0.4069 -0.3130 -0.3593 -0.4199 -0.4468 -0.4461 -0.4224)
(172.8570 0.0000 -0.3391 -0.2608 -0.2994 -0.3499 -0.3723 -0.3717 -0.3520)
(174.2860 0.0000 -0.2713 -0.2087 -0.2395 -0.2799 -0.2978 -0.2974 -0.2816)
(175.7140 0.0000 -0.2034 -0.1565 -0.1796 -0.2100 -0.2234 -0.2230 -0.2112)
(177.1430 0.0000 -0.1356 -0.1043 -0.1198 -0.1400 -0.1489 -0.1487 -0.1408)
(178.5710 0.0000 -0.0678 -0.0522 -0.0599 -0.0700 -0.0745 -0.0743 -0.0704)
(180.0000 0.0000 0.0000 0.0000 0.0000 0.0000 0.0000 0.0000 0.0000)
