// Lift coefficient polar, from OC6 Phase III
// alpha[deg] 
// Re = 0.0E+0 5.0E+04 6.0E+04 7.5E+04 1.0E+05 1.5E+05 1.7E+05 2.0E+05 
(-180.0000 0.0000 0.0000 0.0000 0.0000 0.0000 0.0000 0.0000 0.0000)
(-178.5710 0.0000 0.0678 0.0522 0.0599 0.0700 0.0745 0.0743 0.0704)
(-177.1430 0.0000 0.1356 0.1043 0.1198 0.1400 0.1489 0.1487 0.1408)
(-175.7140 0.0000 0.2034 0.1565 0.1796 0.2100 0.2234 0.2230 0.2112)
(-174.2860 0.0000 0.2713 0.2087 0.2395 0.2799 0.2978 0.2974 0.2816)
(-172.8570 0.0000 0.3391 0.2608 0.2994 0.3499 0.3723 0.3717 0.3520)
(-171.4290 0.0000 0.4069 0.3130 0.3593 0.4199 0.4468 0.4461 0.4224)
(-170.0000 0.0000 0.4747 0.3652 0.4192 0.4899 0.5212 0.5204 0.4928)
(-168.5710 0.0000 0.5425 0.4173 0.4790 0.5599 0.5957 0.5948 0.5632)
(-167.1430 0.0000 0.6103 0.4695 0.5389 0.6299 0.6702 0.6691 0.6336)
(-165.7140 0.0000 0.6599 0.5091 0.5834 0.6808 0.7240 0.7229 0.6848)
(-164.2860 0.0000 0.6365 0.4983 0.5665 0.6557 0.6952 0.6942 0.6594)
(-162.8570 0.0000 0.6132 0.4876 0.5495 0.6306 0.6665 0.6656 0.6339)
(-161.4290 0.0000 0.5898 0.4768 0.5325 0.6055 0.6378 0.6369 0.6084)
(-160.0000 0.0000 0.5720 0.4696 0.5201 0.5862 0.6155 0.6148 0.5890)
(-155.0000 0.0000 0.5399 0.4632 0.5010 0.5505 0.5724 0.5719 0.5525)
(-150.0000 0.0000 0.5242 0.4649 0.4941 0.5324 0.5493 0.5489 0.5339)
(-145.0000 0.0000 0.5119 0.4656 0.4884 0.5183 0.5316 0.5312 0.5195)
(-140.0000 0.0000 0.4974 0.4612 0.4790 0.5024 0.5127 0.5125 0.5033)
(-135.0000 0.0000 0.4775 0.4494 0.4633 0.4814 0.4894 0.4892 0.4821)
(-130.0000 0.0000 0.4506 0.4291 0.4397 0.4535 0.4597 0.4595 0.4541)
(-125.0000 0.0000 0.4158 0.3998 0.4077 0.4180 0.4226 0.4225 0.4185)
(-120.0000 0.0000 0.3731 0.3616 0.3673 0.3747 0.3780 0.3779 0.3750)
(-115.0000 0.0000 0.3229 0.3150 0.3189 0.3240 0.3262 0.3262 0.3242)
(-110.0000 0.0000 0.2660 0.2610 0.2635 0.2667 0.2681 0.2681 0.2668)
(-105.0000 0.0000 0.2037 0.2009 0.2022 0.2040 0.2048 0.2048 0.2041)
(-100.0000 0.0000 0.1374 0.1361 0.1367 0.1375 0.1379 0.1379 0.1376)
(-95.0000 0.0000 0.0688 0.0685 0.0687 0.0689 0.0690 0.0690 0.0689)
(-90.0000 0.0000 0.0000 0.0000 0.0000 0.0000 0.0000 0.0000 0.0000)
(-85.0000 0.0000 -0.0688 -0.0685 -0.0687 -0.0689 -0.0690 -0.0690 -0.0689)
(-80.0000 0.0000 -0.1374 -0.1361 -0.1367 -0.1375 -0.1379 -0.1379 -0.1376)
(-75.0000 0.0000 -0.2037 -0.2009 -0.2022 -0.2040 -0.2048 -0.2048 -0.2041)
(-70.0000 0.0000 -0.2660 -0.2610 -0.2635 -0.2667 -0.2681 -0.2681 -0.2668)
(-65.0000 0.0000 -0.3229 -0.3150 -0.3189 -0.3240 -0.3262 -0.3262 -0.3242)
(-60.0000 0.0000 -0.3731 -0.3616 -0.3673 -0.3747 -0.3780 -0.3779 -0.3750)
(-55.0000 0.0000 -0.4158 -0.3998 -0.4077 -0.4180 -0.4226 -0.4225 -0.4185)
(-50.0000 0.0000 -0.4506 -0.4291 -0.4397 -0.4535 -0.4597 -0.4595 -0.4541)
(-45.0000 0.0000 -0.4775 -0.4494 -0.4633 -0.4814 -0.4894 -0.4892 -0.4821)
(-40.0000 0.0000 -0.4974 -0.4612 -0.4790 -0.5024 -0.5127 -0.5125 -0.5033)
(-35.0000 0.0000 -0.5119 -0.4656 -0.4884 -0.5183 -0.5316 -0.5312 -0.5195)
(-30.0000 0.0000 -0.5242 -0.4649 -0.4941 -0.5324 -0.5493 -0.5489 -0.5339)
(-25.0000 0.0000 -0.5399 -0.4632 -0.5010 -0.5505 -0.5724 -0.5719 -0.5525)
(-20.0000 0.0000 -0.5720 -0.4696 -0.5201 -0.5862 -0.6155 -0.6148 -0.5890)
(-19.2860 0.0000 -0.5781 -0.4715 -0.5240 -0.5929 -0.6234 -0.6226 -0.5957)
(-18.5710 0.0000 -0.5898 -0.4768 -0.5325 -0.6055 -0.6378 -0.6369 -0.6084)
(-17.8570 0.0000 -0.6015 -0.4822 -0.5410 -0.6180 -0.6521 -0.6513 -0.6212)
(-17.1430 0.0000 -0.6132 -0.4876 -0.5495 -0.6306 -0.6665 -0.6656 -0.6339)
(-16.4290 0.0000 -0.6249 -0.4930 -0.5580 -0.6432 -0.6809 -0.6799 -0.6466)
(-15.7140 0.0000 -0.6365 -0.4983 -0.5665 -0.6557 -0.6952 -0.6942 -0.6594)
(-15.0000 0.0000 -0.6482 -0.5037 -0.5750 -0.6683 -0.7096 -0.7086 -0.6721)
(-14.2860 0.0000 -0.6599 -0.5091 -0.5834 -0.6808 -0.7240 -0.7229 -0.6848)
(-13.5710 0.0000 -0.6224 -0.4814 -0.5502 -0.6399 -0.6804 -0.6798 -0.6450)
(-12.8570 0.0000 -0.5521 -0.4318 -0.4892 -0.5634 -0.5983 -0.5983 -0.5702)
(-12.1430 0.0000 -0.4817 -0.3821 -0.4282 -0.4869 -0.5161 -0.5169 -0.4953)
(-11.4290 0.0000 -0.4114 -0.3325 -0.3672 -0.4103 -0.4340 -0.4355 -0.4205)
(-10.0000 0.0000 -0.2028 -0.1657 -0.1856 -0.2110 -0.2373 -0.2422 -0.2419)
(-9.0000 0.0000 -0.2440 -0.2081 -0.2242 -0.2645 -0.2953 -0.3023 -0.3046)
(-8.0000 0.0000 -0.2851 -0.2506 -0.2628 -0.3180 -0.3533 -0.3624 -0.3695)
(-7.0000 0.0000 -0.3104 -0.2912 -0.3069 -0.3533 -0.3815 -0.3806 -0.3627)
(-6.0000 0.0000 -0.3356 -0.3318 -0.3515 -0.3886 -0.4097 -0.3987 -0.3480)
(-5.0000 0.0000 -0.2451 -0.2431 -0.2509 -0.2700 -0.2520 -0.2284 -0.1772)
(-4.0000 0.0000 -0.1547 -0.1429 -0.1423 -0.1514 -0.0943 -0.0581 -0.0065)
(-3.0000 0.0000 -0.0599 -0.0428 -0.0338 -0.0214 0.0646 0.0878 0.1145)
(-2.0000 0.0000 0.0348 0.0573 0.0747 0.1086 0.2236 0.2338 0.2354)
(-1.0000 0.0000 0.1241 0.1502 0.1902 0.2572 0.3144 0.3203 0.3264)
(0.0000 0.0000 0.2011 0.2431 0.3057 0.4010 0.4052 0.4068 0.4174)
(1.0000 0.0000 0.3009 0.3609 0.4656 0.5005 0.5057 0.5067 0.5137)
(2.0000 0.0000 0.4345 0.5547 0.5857 0.5922 0.5975 0.5966 0.6055)
(3.0000 0.0000 0.6256 0.6724 0.6908 0.6947 0.6900 0.6903 0.6970)
(4.0000 0.0000 0.7547 0.7769 0.7811 0.7815 0.7930 0.7942 0.7914)
(5.0000 0.0000 0.8381 0.8642 0.8679 0.8690 0.8862 0.8883 0.8861)
(6.0000 0.0000 0.9310 0.9406 0.9454 0.9519 0.9733 0.9754 0.9744)
(7.0000 0.0000 1.0063 1.0104 1.0193 1.0289 1.0547 1.0575 1.0575)
(8.0000 0.0000 1.0730 1.0785 1.0871 1.0984 1.1273 1.1322 1.1341)
(9.0000 0.0000 1.1270 1.1354 1.1428 1.1576 1.1886 1.1947 1.1966)
(10.0000 0.0000 1.1723 1.1895 1.1938 1.2079 1.2355 1.2389 1.2437)
(11.0000 0.0000 1.1932 1.2187 1.2255 1.2029 1.2499 1.2499 1.2490)
(12.0000 0.0000 1.0094 0.9742 0.9413 0.9773 1.2113 1.1902 1.1685)
(13.0000 0.0000 0.9121 0.9142 0.9529 0.9353 1.0986 1.0463 0.9921)
(14.0000 0.0000 0.8625 0.6190 0.7322 0.8808 0.9609 0.9601 0.8975)
(15.0000 0.0000 0.8257 0.5961 0.7024 0.8420 0.9176 0.9168 0.8578)
(16.0000 0.0000 0.7920 0.5767 0.6761 0.8065 0.8772 0.8765 0.8211)
(17.0000 0.0000 0.7589 0.5580 0.6505 0.7717 0.8375 0.8368 0.7852)
(18.0000 0.0000 0.7265 0.5398 0.6254 0.7375 0.7985 0.7979 0.7499)
(19.0000 0.0000 0.6947 0.5222 0.6010 0.7040 0.7603 0.7597 0.7154)
(20.0000 0.0000 0.6722 0.5106 0.5842 0.6804 0.7330 0.7324 0.6909)
(25.0000 0.0000 0.6009 0.4808 0.5347 0.6051 0.6441 0.6436 0.6128)
(30.0000 0.0000 0.5665 0.4743 0.5152 0.5685 0.5984 0.5981 0.5745)
(35.0000 0.0000 0.5471 0.4755 0.5070 0.5479 0.5711 0.5708 0.5525)
(40.0000 0.0000 0.5326 0.4770 0.5012 0.5327 0.5505 0.5503 0.5362)
(45.0000 0.0000 0.5169 0.4740 0.4926 0.5166 0.5302 0.5300 0.5191)
(50.0000 0.0000 0.4962 0.4636 0.4776 0.4957 0.5058 0.5057 0.4974)
(55.0000 0.0000 0.4679 0.4437 0.4541 0.4673 0.4747 0.4745 0.4684)
(60.0000 0.0000 0.4305 0.4132 0.4205 0.4299 0.4350 0.4349 0.4305)
(65.0000 0.0000 0.3831 0.3713 0.3763 0.3826 0.3860 0.3859 0.3829)
(70.0000 0.0000 0.3254 0.3180 0.3211 0.3251 0.3271 0.3270 0.3251)
(75.0000 0.0000 0.2577 0.2535 0.2552 0.2575 0.2585 0.2585 0.2574)
(80.0000 0.0000 0.1803 0.1784 0.1792 0.1802 0.1806 0.1806 0.1801)
(85.0000 0.0000 0.0941 0.0936 0.0938 0.0941 0.0942 0.0942 0.0940)
(90.0000 0.0000 0.0000 0.0000 0.0000 0.0000 0.0000 0.0000 0.0000)
(95.0000 0.0000 -0.0688 -0.0685 -0.0687 -0.0689 -0.0690 -0.0690 -0.0689)
(100.0000 0.0000 -0.1374 -0.1361 -0.1367 -0.1375 -0.1379 -0.1379 -0.1376)
(105.0000 0.0000 -0.2037 -0.2009 -0.2022 -0.2040 -0.2048 -0.2048 -0.2041)
(110.0000 0.0000 -0.2660 -0.2610 -0.2635 -0.2667 -0.2681 -0.2681 -0.2668)
(115.0000 0.0000 -0.3229 -0.3150 -0.3189 -0.3240 -0.3262 -0.3262 -0.3242)
(120.0000 0.0000 -0.3731 -0.3616 -0.3673 -0.3747 -0.3780 -0.3779 -0.3750)
(125.0000 0.0000 -0.4158 -0.3998 -0.4077 -0.4180 -0.4226 -0.4225 -0.4185)
(130.0000 0.0000 -0.4506 -0.4291 -0.4397 -0.4535 -0.4597 -0.4595 -0.4541)
(135.0000 0.0000 -0.4775 -0.4494 -0.4633 -0.4814 -0.4894 -0.4892 -0.4821)
(140.0000 0.0000 -0.4974 -0.4612 -0.4790 -0.5024 -0.5127 -0.5125 -0.5033)
(145.0000 0.0000 -0.5119 -0.4656 -0.4884 -0.5183 -0.5316 -0.5312 -0.5195)
(150.0000 0.0000 -0.5242 -0.4649 -0.4941 -0.5324 -0.5493 -0.5489 -0.5339)
(155.0000 0.0000 -0.5399 -0.4632 -0.5010 -0.5505 -0.5724 -0.5719 -0.5525)
(160.0000 0.0000 -0.5720 -0.4696 -0.5201 -0.5862 -0.6155 -0.6148 -0.5890)
(161.4290 0.0000 -0.5898 -0.4768 -0.5325 -0.6055 -0.6378 -0.6369 -0.6084)
(162.8570 0.0000 -0.6132 -0.4876 -0.5495 -0.6306 -0.6665 -0.6656 -0.6339)
(164.2860 0.0000 -0.6365 -0.4983 -0.5665 -0.6557 -0.6952 -0.6942 -0.6594)
(165.7140 0.0000 -0.6599 -0.5091 -0.5834 -0.6808 -0.7240 -0.7229 -0.6848)
(167.1430 0.0000 -0.6103 -0.4695 -0.5389 -0.6299 -0.6702 -0.6691 -0.6336)
(168.5710 0.0000 -0.5425 -0.4173 -0.4790 -0.5599 -0.5957 -0.5948 -0.5632)
(170.0000 0.0000 -0.4747 -0.3652 -0.4192 -0.4899 -0.5212 -0.5204 -0.4928)
(171.4290 0.0000 -0.4069 -0.3130 -0.3593 -0.4199 -0.4468 -0.4461 -0.4224)
(172.8570 0.0000 -0.3391 -0.2608 -0.2994 -0.3499 -0.3723 -0.3717 -0.3520)
(174.2860 0.0000 -0.2713 -0.2087 -0.2395 -0.2799 -0.2978 -0.2974 -0.2816)
(175.7140 0.0000 -0.2034 -0.1565 -0.1796 -0.2100 -0.2234 -0.2230 -0.2112)
(177.1430 0.0000 -0.1356 -0.1043 -0.1198 -0.1400 -0.1489 -0.1487 -0.1408)
(178.5710 0.0000 -0.0678 -0.0522 -0.0599 -0.0700 -0.0745 -0.0743 -0.0704)
(180.0000 0.0000 0.0000 0.0000 0.0000 0.0000 0.0000 0.0000 0.0000)
