// Lift coefficient polar, from OC6 Phase III
// alpha[deg] 
// Re = 0.0E+0 5.0E+04 6.0E+04 7.5E+04 1.0E+05 1.5E+05 1.7E+05 2.0E+05 
(-180.0000 0.0000 0.0000 0.0000 0.0000 0.0000 0.0000 0.0000 0.0000)
(-178.5710 0.0000 0.0678 0.0522 0.0599 0.0700 0.0745 0.0743 0.0704)
(-177.1430 0.0000 0.1356 0.1043 0.1198 0.1400 0.1489 0.1487 0.1408)
(-175.7140 0.0000 0.2034 0.1565 0.1796 0.2100 0.2234 0.2230 0.2112)
(-174.2860 0.0000 0.2713 0.2087 0.2395 0.2799 0.2978 0.2974 0.2816)
(-172.8570 0.0000 0.3391 0.2608 0.2994 0.3499 0.3723 0.3717 0.3520)
(-171.4290 0.0000 0.4069 0.3130 0.3593 0.4199 0.4468 0.4461 0.4224)
(-170.0000 0.0000 0.4747 0.3652 0.4192 0.4899 0.5212 0.5204 0.4928)
(-168.5710 0.0000 0.5425 0.4173 0.4790 0.5599 0.5957 0.5948 0.5632)
(-167.1430 0.0000 0.6103 0.4695 0.5389 0.6299 0.6702 0.6691 0.6336)
(-165.7140 0.0000 0.6599 0.5091 0.5834 0.6808 0.7240 0.7229 0.6848)
(-164.2860 0.0000 0.6365 0.4983 0.5665 0.6557 0.6952 0.6942 0.6594)
(-162.8570 0.0000 0.6132 0.4876 0.5495 0.6306 0.6665 0.6656 0.6339)
(-161.4290 0.0000 0.5898 0.4768 0.5325 0.6055 0.6378 0.6369 0.6084)
(-160.0000 0.0000 0.5720 0.4696 0.5201 0.5862 0.6155 0.6148 0.5890)
(-155.0000 0.0000 0.5399 0.4632 0.5010 0.5505 0.5724 0.5719 0.5525)
(-150.0000 0.0000 0.5242 0.4649 0.4941 0.5324 0.5493 0.5489 0.5339)
(-145.0000 0.0000 0.5119 0.4656 0.4884 0.5183 0.5316 0.5312 0.5195)
(-140.0000 0.0000 0.4974 0.4612 0.4790 0.5024 0.5127 0.5125 0.5033)
(-135.0000 0.0000 0.4775 0.4494 0.4633 0.4814 0.4894 0.4892 0.4821)
(-130.0000 0.0000 0.4506 0.4291 0.4397 0.4535 0.4597 0.4595 0.4541)
(-125.0000 0.0000 0.4158 0.3998 0.4077 0.4180 0.4226 0.4225 0.4185)
(-120.0000 0.0000 0.3731 0.3616 0.3673 0.3747 0.3780 0.3779 0.3750)
(-115.0000 0.0000 0.3229 0.3150 0.3189 0.3240 0.3262 0.3262 0.3242)
(-110.0000 0.0000 0.2660 0.2610 0.2635 0.2667 0.2681 0.2681 0.2668)
(-105.0000 0.0000 0.2037 0.2009 0.2022 0.2040 0.2048 0.2048 0.2041)
(-100.0000 0.0000 0.1374 0.1361 0.1367 0.1375 0.1379 0.1379 0.1376)
(-95.0000 0.0000 0.0688 0.0685 0.0687 0.0689 0.0690 0.0690 0.0689)
(-90.0000 0.0000 0.0000 0.0000 0.0000 0.0000 0.0000 0.0000 0.0000)
(-85.0000 0.0000 -0.0688 -0.0685 -0.0687 -0.0689 -0.0690 -0.0690 -0.0689)
(-80.0000 0.0000 -0.1374 -0.1361 -0.1367 -0.1375 -0.1379 -0.1379 -0.1376)
(-75.0000 0.0000 -0.2037 -0.2009 -0.2022 -0.2040 -0.2048 -0.2048 -0.2041)
(-70.0000 0.0000 -0.2660 -0.2610 -0.2635 -0.2667 -0.2681 -0.2681 -0.2668)
(-65.0000 0.0000 -0.3229 -0.3150 -0.3189 -0.3240 -0.3262 -0.3262 -0.3242)
(-60.0000 0.0000 -0.3731 -0.3616 -0.3673 -0.3747 -0.3780 -0.3779 -0.3750)
(-55.0000 0.0000 -0.4158 -0.3998 -0.4077 -0.4180 -0.4226 -0.4225 -0.4185)
(-50.0000 0.0000 -0.4506 -0.4291 -0.4397 -0.4535 -0.4597 -0.4595 -0.4541)
(-45.0000 0.0000 -0.4775 -0.4494 -0.4633 -0.4814 -0.4894 -0.4892 -0.4821)
(-40.0000 0.0000 -0.4974 -0.4612 -0.4790 -0.5024 -0.5127 -0.5125 -0.5033)
(-35.0000 0.0000 -0.5119 -0.4656 -0.4884 -0.5183 -0.5316 -0.5312 -0.5195)
(-30.0000 0.0000 -0.5242 -0.4649 -0.4941 -0.5324 -0.5493 -0.5489 -0.5339)
(-25.0000 0.0000 -0.5399 -0.4632 -0.5010 -0.5505 -0.5724 -0.5719 -0.5525)
(-20.0000 0.0000 -0.5720 -0.4696 -0.5201 -0.5862 -0.6155 -0.6148 -0.5890)
(-19.2860 0.0000 -0.5781 -0.4715 -0.5240 -0.5929 -0.6234 -0.6226 -0.5957)
(-18.5710 0.0000 -0.5898 -0.4768 -0.5325 -0.6055 -0.6378 -0.6369 -0.6084)
(-17.8570 0.0000 -0.6015 -0.4822 -0.5410 -0.6180 -0.6521 -0.6513 -0.6212)
(-17.1430 0.0000 -0.6132 -0.4876 -0.5495 -0.6306 -0.6665 -0.6656 -0.6339)
(-16.4290 0.0000 -0.6249 -0.4930 -0.5580 -0.6432 -0.6809 -0.6799 -0.6466)
(-15.7140 0.0000 -0.6365 -0.4983 -0.5665 -0.6557 -0.6952 -0.6942 -0.6594)
(-15.0000 0.0000 -0.6482 -0.5037 -0.5750 -0.6683 -0.7096 -0.7086 -0.6721)
(-14.2860 0.0000 -0.6599 -0.5091 -0.5834 -0.6808 -0.7240 -0.7229 -0.6848)
(-13.5710 0.0000 -0.6224 -0.4814 -0.5502 -0.6399 -0.6804 -0.6798 -0.6450)
(-12.8570 0.0000 -0.5521 -0.4318 -0.4892 -0.5634 -0.5983 -0.5983 -0.5702)
(-12.1430 0.0000 -0.4817 -0.3821 -0.4282 -0.4869 -0.5161 -0.5169 -0.4953)
(-11.4290 0.0000 -0.4114 -0.3325 -0.3672 -0.4103 -0.4340 -0.4355 -0.4205)
(-10.0000 0.0000 -0.2316 -0.1942 -0.2108 -0.2305 -0.2510 -0.2551 -0.2541)
(-9.0000 0.0000 -0.2669 -0.2308 -0.2437 -0.2777 -0.3022 -0.3083 -0.3097)
(-8.0000 0.0000 -0.3022 -0.2674 -0.2765 -0.3249 -0.3533 -0.3614 -0.3675)
(-7.0000 0.0000 -0.3222 -0.3023 -0.3146 -0.3545 -0.3760 -0.3745 -0.3567)
(-6.0000 0.0000 -0.3422 -0.3370 -0.3533 -0.3842 -0.3987 -0.3876 -0.3384)
(-5.0000 0.0000 -0.2507 -0.2472 -0.2521 -0.2658 -0.2438 -0.2208 -0.1712)
(-4.0000 0.0000 -0.1592 -0.1463 -0.1432 -0.1474 -0.0889 -0.0540 -0.0040)
(-3.0000 0.0000 -0.0635 -0.0455 -0.0343 -0.0181 0.0671 0.0896 0.1156)
(-2.0000 0.0000 0.0322 0.0554 0.0745 0.1112 0.2232 0.2332 0.2353)
(-1.0000 0.0000 0.1225 0.1492 0.1901 0.2584 0.3142 0.3200 0.3264)
(0.0000 0.0000 0.2011 0.2431 0.3057 0.4010 0.4052 0.4068 0.4174)
(1.0000 0.0000 0.3016 0.3610 0.4641 0.5010 0.5055 0.5064 0.5135)
(2.0000 0.0000 0.4347 0.5521 0.5841 0.5934 0.5974 0.5965 0.6054)
(3.0000 0.0000 0.6233 0.6698 0.6896 0.6963 0.6900 0.6902 0.6969)
(4.0000 0.0000 0.7520 0.7749 0.7809 0.7841 0.7927 0.7936 0.7913)
(5.0000 0.0000 0.8368 0.8635 0.8689 0.8726 0.8859 0.8876 0.8859)
(6.0000 0.0000 0.9307 0.9413 0.9478 0.9566 0.9733 0.9750 0.9744)
(7.0000 0.0000 1.0075 1.0130 1.0234 1.0349 1.0554 1.0577 1.0579)
(8.0000 0.0000 1.0762 1.0830 1.0930 1.1061 1.1289 1.1332 1.1352)
(9.0000 0.0000 1.1325 1.1421 1.1510 1.1673 1.1917 1.1971 1.1991)
(10.0000 0.0000 1.1805 1.1987 1.2044 1.2199 1.2408 1.2435 1.2482)
(11.0000 0.0000 1.2050 1.2311 1.2393 1.2194 1.2588 1.2582 1.2575)
(12.0000 0.0000 1.0322 0.9998 0.9698 1.0069 1.2262 1.2055 1.1850)
(13.0000 0.0000 0.9428 0.9462 0.9853 0.9707 1.1227 1.0723 1.0208)
(14.0000 0.0000 0.8992 0.6661 0.7771 0.9227 0.9954 0.9942 0.9347)
(15.0000 0.0000 0.8681 0.6483 0.7527 0.8896 0.9582 0.9571 0.9010)
(16.0000 0.0000 0.8388 0.6326 0.7303 0.8585 0.9227 0.9217 0.8691)
(17.0000 0.0000 0.8098 0.6172 0.7084 0.8278 0.8877 0.8867 0.8376)
(18.0000 0.0000 0.7812 0.6022 0.6867 0.7975 0.8530 0.8522 0.8065)
(19.0000 0.0000 0.7529 0.5875 0.6654 0.7675 0.8188 0.8180 0.7758)
(20.0000 0.0000 0.7335 0.5784 0.6513 0.7468 0.7948 0.7940 0.7545)
(25.0000 0.0000 0.6729 0.5572 0.6112 0.6817 0.7175 0.7169 0.6874)
(30.0000 0.0000 0.6435 0.5545 0.5958 0.6497 0.6772 0.6767 0.6541)
(35.0000 0.0000 0.6250 0.5557 0.5876 0.6293 0.6507 0.6503 0.6327)
(40.0000 0.0000 0.6078 0.5538 0.5786 0.6109 0.6274 0.6272 0.6135)
(45.0000 0.0000 0.5867 0.5450 0.5641 0.5889 0.6016 0.6014 0.5908)
(50.0000 0.0000 0.5585 0.5268 0.5412 0.5600 0.5696 0.5694 0.5614)
(55.0000 0.0000 0.5212 0.4976 0.5083 0.5222 0.5292 0.5291 0.5231)
(60.0000 0.0000 0.4738 0.4569 0.4645 0.4745 0.4794 0.4793 0.4750)
(65.0000 0.0000 0.4161 0.4046 0.4098 0.4165 0.4198 0.4197 0.4168)
(70.0000 0.0000 0.3485 0.3412 0.3445 0.3487 0.3507 0.3507 0.3488)
(75.0000 0.0000 0.2717 0.2676 0.2695 0.2718 0.2729 0.2729 0.2718)
(80.0000 0.0000 0.1870 0.1852 0.1860 0.1871 0.1875 0.1875 0.1871)
(85.0000 0.0000 0.0959 0.0954 0.0956 0.0959 0.0960 0.0960 0.0959)
(90.0000 0.0000 0.0000 0.0000 0.0000 0.0000 0.0000 0.0000 0.0000)
(95.0000 0.0000 -0.0688 -0.0685 -0.0687 -0.0689 -0.0690 -0.0690 -0.0689)
(100.0000 0.0000 -0.1374 -0.1361 -0.1367 -0.1375 -0.1379 -0.1379 -0.1376)
(105.0000 0.0000 -0.2037 -0.2009 -0.2022 -0.2040 -0.2048 -0.2048 -0.2041)
(110.0000 0.0000 -0.2660 -0.2610 -0.2635 -0.2667 -0.2681 -0.2681 -0.2668)
(115.0000 0.0000 -0.3229 -0.3150 -0.3189 -0.3240 -0.3262 -0.3262 -0.3242)
(120.0000 0.0000 -0.3731 -0.3616 -0.3673 -0.3747 -0.3780 -0.3779 -0.3750)
(125.0000 0.0000 -0.4158 -0.3998 -0.4077 -0.4180 -0.4226 -0.4225 -0.4185)
(130.0000 0.0000 -0.4506 -0.4291 -0.4397 -0.4535 -0.4597 -0.4595 -0.4541)
(135.0000 0.0000 -0.4775 -0.4494 -0.4633 -0.4814 -0.4894 -0.4892 -0.4821)
(140.0000 0.0000 -0.4974 -0.4612 -0.4790 -0.5024 -0.5127 -0.5125 -0.5033)
(145.0000 0.0000 -0.5119 -0.4656 -0.4884 -0.5183 -0.5316 -0.5312 -0.5195)
(150.0000 0.0000 -0.5242 -0.4649 -0.4941 -0.5324 -0.5493 -0.5489 -0.5339)
(155.0000 0.0000 -0.5399 -0.4632 -0.5010 -0.5505 -0.5724 -0.5719 -0.5525)
(160.0000 0.0000 -0.5720 -0.4696 -0.5201 -0.5862 -0.6155 -0.6148 -0.5890)
(161.4290 0.0000 -0.5898 -0.4768 -0.5325 -0.6055 -0.6378 -0.6369 -0.6084)
(162.8570 0.0000 -0.6132 -0.4876 -0.5495 -0.6306 -0.6665 -0.6656 -0.6339)
(164.2860 0.0000 -0.6365 -0.4983 -0.5665 -0.6557 -0.6952 -0.6942 -0.6594)
(165.7140 0.0000 -0.6599 -0.5091 -0.5834 -0.6808 -0.7240 -0.7229 -0.6848)
(167.1430 0.0000 -0.6103 -0.4695 -0.5389 -0.6299 -0.6702 -0.6691 -0.6336)
(168.5710 0.0000 -0.5425 -0.4173 -0.4790 -0.5599 -0.5957 -0.5948 -0.5632)
(170.0000 0.0000 -0.4747 -0.3652 -0.4192 -0.4899 -0.5212 -0.5204 -0.4928)
(171.4290 0.0000 -0.4069 -0.3130 -0.3593 -0.4199 -0.4468 -0.4461 -0.4224)
(172.8570 0.0000 -0.3391 -0.2608 -0.2994 -0.3499 -0.3723 -0.3717 -0.3520)
(174.2860 0.0000 -0.2713 -0.2087 -0.2395 -0.2799 -0.2978 -0.2974 -0.2816)
(175.7140 0.0000 -0.2034 -0.1565 -0.1796 -0.2100 -0.2234 -0.2230 -0.2112)
(177.1430 0.0000 -0.1356 -0.1043 -0.1198 -0.1400 -0.1489 -0.1487 -0.1408)
(178.5710 0.0000 -0.0678 -0.0522 -0.0599 -0.0700 -0.0745 -0.0743 -0.0704)
(180.0000 0.0000 0.0000 0.0000 0.0000 0.0000 0.0000 0.0000 0.0000)
