// Lift coefficient polar, from OC6 Phase III
// alpha[deg] 
// Re = 0.0E+0 5.0E+04 6.0E+04 7.5E+04 1.0E+05 1.5E+05 1.7E+05 2.0E+05 
(-180.0000 0.0000 0.0000 0.0000 0.0000 0.0000 0.0000 0.0000 0.0000)
(-178.5710 0.0000 0.0678 0.0522 0.0599 0.0700 0.0745 0.0743 0.0704)
(-177.1430 0.0000 0.1356 0.1043 0.1198 0.1400 0.1489 0.1487 0.1408)
(-175.7140 0.0000 0.2034 0.1565 0.1796 0.2100 0.2234 0.2230 0.2112)
(-174.2860 0.0000 0.2713 0.2087 0.2395 0.2799 0.2978 0.2974 0.2816)
(-172.8570 0.0000 0.3391 0.2608 0.2994 0.3499 0.3723 0.3717 0.3520)
(-171.4290 0.0000 0.4069 0.3130 0.3593 0.4199 0.4468 0.4461 0.4224)
(-170.0000 0.0000 0.4747 0.3652 0.4192 0.4899 0.5212 0.5204 0.4928)
(-168.5710 0.0000 0.5425 0.4173 0.4790 0.5599 0.5957 0.5948 0.5632)
(-167.1430 0.0000 0.6103 0.4695 0.5389 0.6299 0.6702 0.6691 0.6336)
(-165.7140 0.0000 0.6599 0.5091 0.5834 0.6808 0.7240 0.7229 0.6848)
(-164.2860 0.0000 0.6365 0.4983 0.5665 0.6557 0.6952 0.6942 0.6594)
(-162.8570 0.0000 0.6132 0.4876 0.5495 0.6306 0.6665 0.6656 0.6339)
(-161.4290 0.0000 0.5898 0.4768 0.5325 0.6055 0.6378 0.6369 0.6084)
(-160.0000 0.0000 0.5720 0.4696 0.5201 0.5862 0.6155 0.6148 0.5890)
(-155.0000 0.0000 0.5399 0.4632 0.5010 0.5505 0.5724 0.5719 0.5525)
(-150.0000 0.0000 0.5242 0.4649 0.4941 0.5324 0.5493 0.5489 0.5339)
(-145.0000 0.0000 0.5119 0.4656 0.4884 0.5183 0.5316 0.5312 0.5195)
(-140.0000 0.0000 0.4974 0.4612 0.4790 0.5024 0.5127 0.5125 0.5033)
(-135.0000 0.0000 0.4775 0.4494 0.4633 0.4814 0.4894 0.4892 0.4821)
(-130.0000 0.0000 0.4506 0.4291 0.4397 0.4535 0.4597 0.4595 0.4541)
(-125.0000 0.0000 0.4158 0.3998 0.4077 0.4180 0.4226 0.4225 0.4185)
(-120.0000 0.0000 0.3731 0.3616 0.3673 0.3747 0.3780 0.3779 0.3750)
(-115.0000 0.0000 0.3229 0.3150 0.3189 0.3240 0.3262 0.3262 0.3242)
(-110.0000 0.0000 0.2660 0.2610 0.2635 0.2667 0.2681 0.2681 0.2668)
(-105.0000 0.0000 0.2037 0.2009 0.2022 0.2040 0.2048 0.2048 0.2041)
(-100.0000 0.0000 0.1374 0.1361 0.1367 0.1375 0.1379 0.1379 0.1376)
(-95.0000 0.0000 0.0688 0.0685 0.0687 0.0689 0.0690 0.0690 0.0689)
(-90.0000 0.0000 0.0000 0.0000 0.0000 0.0000 0.0000 0.0000 0.0000)
(-85.0000 0.0000 -0.0688 -0.0685 -0.0687 -0.0689 -0.0690 -0.0690 -0.0689)
(-80.0000 0.0000 -0.1374 -0.1361 -0.1367 -0.1375 -0.1379 -0.1379 -0.1376)
(-75.0000 0.0000 -0.2037 -0.2009 -0.2022 -0.2040 -0.2048 -0.2048 -0.2041)
(-70.0000 0.0000 -0.2660 -0.2610 -0.2635 -0.2667 -0.2681 -0.2681 -0.2668)
(-65.0000 0.0000 -0.3229 -0.3150 -0.3189 -0.3240 -0.3262 -0.3262 -0.3242)
(-60.0000 0.0000 -0.3731 -0.3616 -0.3673 -0.3747 -0.3780 -0.3779 -0.3750)
(-55.0000 0.0000 -0.4158 -0.3998 -0.4077 -0.4180 -0.4226 -0.4225 -0.4185)
(-50.0000 0.0000 -0.4506 -0.4291 -0.4397 -0.4535 -0.4597 -0.4595 -0.4541)
(-45.0000 0.0000 -0.4775 -0.4494 -0.4633 -0.4814 -0.4894 -0.4892 -0.4821)
(-40.0000 0.0000 -0.4974 -0.4612 -0.4790 -0.5024 -0.5127 -0.5125 -0.5033)
(-35.0000 0.0000 -0.5119 -0.4656 -0.4884 -0.5183 -0.5316 -0.5312 -0.5195)
(-30.0000 0.0000 -0.5242 -0.4649 -0.4941 -0.5324 -0.5493 -0.5489 -0.5339)
(-25.0000 0.0000 -0.5399 -0.4632 -0.5010 -0.5505 -0.5724 -0.5719 -0.5525)
(-20.0000 0.0000 -0.5720 -0.4696 -0.5201 -0.5862 -0.6155 -0.6148 -0.5890)
(-19.2860 0.0000 -0.5781 -0.4715 -0.5240 -0.5929 -0.6234 -0.6226 -0.5957)
(-18.5710 0.0000 -0.5898 -0.4768 -0.5325 -0.6055 -0.6378 -0.6369 -0.6084)
(-17.8570 0.0000 -0.6015 -0.4822 -0.5410 -0.6180 -0.6521 -0.6513 -0.6212)
(-17.1430 0.0000 -0.6132 -0.4876 -0.5495 -0.6306 -0.6665 -0.6656 -0.6339)
(-16.4290 0.0000 -0.6249 -0.4930 -0.5580 -0.6432 -0.6809 -0.6799 -0.6466)
(-15.7140 0.0000 -0.6365 -0.4983 -0.5665 -0.6557 -0.6952 -0.6942 -0.6594)
(-15.0000 0.0000 -0.6482 -0.5037 -0.5750 -0.6683 -0.7096 -0.7086 -0.6721)
(-14.2860 0.0000 -0.6599 -0.5091 -0.5834 -0.6808 -0.7240 -0.7229 -0.6848)
(-13.5710 0.0000 -0.6224 -0.4814 -0.5502 -0.6399 -0.6804 -0.6798 -0.6450)
(-12.8570 0.0000 -0.5521 -0.4318 -0.4892 -0.5634 -0.5983 -0.5983 -0.5702)
(-12.1430 0.0000 -0.4817 -0.3821 -0.4282 -0.4869 -0.5161 -0.5169 -0.4953)
(-11.4290 0.0000 -0.4114 -0.3325 -0.3672 -0.4103 -0.4340 -0.4355 -0.4205)
(-10.0000 0.0000 -0.2080 -0.1708 -0.1901 -0.2144 -0.2398 -0.2445 -0.2441)
(-9.0000 0.0000 -0.2481 -0.2122 -0.2277 -0.2669 -0.2965 -0.3034 -0.3055)
(-8.0000 0.0000 -0.2882 -0.2536 -0.2653 -0.3193 -0.3533 -0.3622 -0.3692)
(-7.0000 0.0000 -0.3125 -0.2932 -0.3083 -0.3536 -0.3805 -0.3795 -0.3617)
(-6.0000 0.0000 -0.3368 -0.3327 -0.3518 -0.3878 -0.4077 -0.3967 -0.3463)
(-5.0000 0.0000 -0.2461 -0.2438 -0.2511 -0.2692 -0.2505 -0.2271 -0.1761)
(-4.0000 0.0000 -0.1555 -0.1435 -0.1425 -0.1507 -0.0933 -0.0574 -0.0060)
(-3.0000 0.0000 -0.0606 -0.0433 -0.0339 -0.0208 0.0651 0.0881 0.1147)
(-2.0000 0.0000 0.0343 0.0570 0.0746 0.1090 0.2235 0.2337 0.2354)
(-1.0000 0.0000 0.1238 0.1500 0.1902 0.2574 0.3143 0.3202 0.3264)
(0.0000 0.0000 0.2011 0.2431 0.3057 0.4010 0.4052 0.4068 0.4174)
(1.0000 0.0000 0.3010 0.3609 0.4653 0.5006 0.5057 0.5066 0.5136)
(2.0000 0.0000 0.4345 0.5542 0.5854 0.5924 0.5975 0.5966 0.6055)
(3.0000 0.0000 0.6252 0.6719 0.6906 0.6950 0.6900 0.6903 0.6970)
(4.0000 0.0000 0.7542 0.7765 0.7810 0.7820 0.7930 0.7941 0.7914)
(5.0000 0.0000 0.8379 0.8641 0.8681 0.8696 0.8861 0.8881 0.8861)
(6.0000 0.0000 0.9310 0.9407 0.9458 0.9528 0.9733 0.9753 0.9744)
(7.0000 0.0000 1.0065 1.0109 1.0200 1.0300 1.0548 1.0575 1.0576)
(8.0000 0.0000 1.0735 1.0793 1.0882 1.0998 1.1276 1.1324 1.1343)
(9.0000 0.0000 1.1280 1.1366 1.1443 1.1593 1.1892 1.1951 1.1970)
(10.0000 0.0000 1.1737 1.1912 1.1957 1.2100 1.2364 1.2397 1.2445)
(11.0000 0.0000 1.1953 1.2209 1.2280 1.2058 1.2515 1.2514 1.2505)
(12.0000 0.0000 1.0135 0.9788 0.9464 0.9826 1.2140 1.1929 1.1715)
(13.0000 0.0000 0.9176 0.9199 0.9587 0.9416 1.1029 1.0510 0.9972)
(14.0000 0.0000 0.8690 0.6274 0.7402 0.8883 0.9670 0.9662 0.9041)
(15.0000 0.0000 0.8333 0.6054 0.7114 0.8505 0.9248 0.9240 0.8655)
(16.0000 0.0000 0.8003 0.5867 0.6858 0.8158 0.8853 0.8845 0.8297)
(17.0000 0.0000 0.7680 0.5686 0.6608 0.7817 0.8465 0.8457 0.7945)
(18.0000 0.0000 0.7362 0.5509 0.6364 0.7482 0.8083 0.8076 0.7600)
(19.0000 0.0000 0.7051 0.5338 0.6125 0.7154 0.7707 0.7701 0.7262)
(20.0000 0.0000 0.6831 0.5227 0.5961 0.6922 0.7440 0.7434 0.7022)
(25.0000 0.0000 0.6138 0.4944 0.5484 0.6187 0.6572 0.6567 0.6261)
(30.0000 0.0000 0.5803 0.4886 0.5296 0.5830 0.6125 0.6121 0.5887)
(35.0000 0.0000 0.5610 0.4898 0.5214 0.5624 0.5853 0.5850 0.5668)
(40.0000 0.0000 0.5460 0.4907 0.5150 0.5466 0.5643 0.5640 0.5500)
(45.0000 0.0000 0.5293 0.4867 0.5053 0.5295 0.5430 0.5428 0.5319)
(50.0000 0.0000 0.5073 0.4749 0.4890 0.5071 0.5172 0.5171 0.5088)
(55.0000 0.0000 0.4774 0.4534 0.4637 0.4771 0.4844 0.4843 0.4782)
(60.0000 0.0000 0.4382 0.4210 0.4284 0.4379 0.4430 0.4428 0.4385)
(65.0000 0.0000 0.3890 0.3772 0.3823 0.3887 0.3920 0.3919 0.3889)
(70.0000 0.0000 0.3296 0.3221 0.3253 0.3293 0.3313 0.3312 0.3293)
(75.0000 0.0000 0.2602 0.2560 0.2578 0.2600 0.2611 0.2610 0.2600)
(80.0000 0.0000 0.1815 0.1796 0.1804 0.1814 0.1819 0.1818 0.1814)
(85.0000 0.0000 0.0944 0.0939 0.0941 0.0944 0.0945 0.0945 0.0944)
(90.0000 0.0000 0.0000 0.0000 0.0000 0.0000 0.0000 0.0000 0.0000)
(95.0000 0.0000 -0.0688 -0.0685 -0.0687 -0.0689 -0.0690 -0.0690 -0.0689)
(100.0000 0.0000 -0.1374 -0.1361 -0.1367 -0.1375 -0.1379 -0.1379 -0.1376)
(105.0000 0.0000 -0.2037 -0.2009 -0.2022 -0.2040 -0.2048 -0.2048 -0.2041)
(110.0000 0.0000 -0.2660 -0.2610 -0.2635 -0.2667 -0.2681 -0.2681 -0.2668)
(115.0000 0.0000 -0.3229 -0.3150 -0.3189 -0.3240 -0.3262 -0.3262 -0.3242)
(120.0000 0.0000 -0.3731 -0.3616 -0.3673 -0.3747 -0.3780 -0.3779 -0.3750)
(125.0000 0.0000 -0.4158 -0.3998 -0.4077 -0.4180 -0.4226 -0.4225 -0.4185)
(130.0000 0.0000 -0.4506 -0.4291 -0.4397 -0.4535 -0.4597 -0.4595 -0.4541)
(135.0000 0.0000 -0.4775 -0.4494 -0.4633 -0.4814 -0.4894 -0.4892 -0.4821)
(140.0000 0.0000 -0.4974 -0.4612 -0.4790 -0.5024 -0.5127 -0.5125 -0.5033)
(145.0000 0.0000 -0.5119 -0.4656 -0.4884 -0.5183 -0.5316 -0.5312 -0.5195)
(150.0000 0.0000 -0.5242 -0.4649 -0.4941 -0.5324 -0.5493 -0.5489 -0.5339)
(155.0000 0.0000 -0.5399 -0.4632 -0.5010 -0.5505 -0.5724 -0.5719 -0.5525)
(160.0000 0.0000 -0.5720 -0.4696 -0.5201 -0.5862 -0.6155 -0.6148 -0.5890)
(161.4290 0.0000 -0.5898 -0.4768 -0.5325 -0.6055 -0.6378 -0.6369 -0.6084)
(162.8570 0.0000 -0.6132 -0.4876 -0.5495 -0.6306 -0.6665 -0.6656 -0.6339)
(164.2860 0.0000 -0.6365 -0.4983 -0.5665 -0.6557 -0.6952 -0.6942 -0.6594)
(165.7140 0.0000 -0.6599 -0.5091 -0.5834 -0.6808 -0.7240 -0.7229 -0.6848)
(167.1430 0.0000 -0.6103 -0.4695 -0.5389 -0.6299 -0.6702 -0.6691 -0.6336)
(168.5710 0.0000 -0.5425 -0.4173 -0.4790 -0.5599 -0.5957 -0.5948 -0.5632)
(170.0000 0.0000 -0.4747 -0.3652 -0.4192 -0.4899 -0.5212 -0.5204 -0.4928)
(171.4290 0.0000 -0.4069 -0.3130 -0.3593 -0.4199 -0.4468 -0.4461 -0.4224)
(172.8570 0.0000 -0.3391 -0.2608 -0.2994 -0.3499 -0.3723 -0.3717 -0.3520)
(174.2860 0.0000 -0.2713 -0.2087 -0.2395 -0.2799 -0.2978 -0.2974 -0.2816)
(175.7140 0.0000 -0.2034 -0.1565 -0.1796 -0.2100 -0.2234 -0.2230 -0.2112)
(177.1430 0.0000 -0.1356 -0.1043 -0.1198 -0.1400 -0.1489 -0.1487 -0.1408)
(178.5710 0.0000 -0.0678 -0.0522 -0.0599 -0.0700 -0.0745 -0.0743 -0.0704)
(180.0000 0.0000 0.0000 0.0000 0.0000 0.0000 0.0000 0.0000 0.0000)
