// Lift coefficient polar, from OC6 Phase III
// alpha[deg] 
// Re = 0.0E+0 5.0E+04 6.0E+04 7.5E+04 1.0E+05 1.5E+05 1.7E+05 2.0E+05 
(-180.0000 0.0000 0.0000 0.0000 0.0000 0.0000 0.0000 0.0000 0.0000)
(-178.5710 0.0000 0.0678 0.0522 0.0599 0.0700 0.0745 0.0743 0.0704)
(-177.1430 0.0000 0.1356 0.1043 0.1198 0.1400 0.1489 0.1487 0.1408)
(-175.7140 0.0000 0.2034 0.1565 0.1796 0.2100 0.2234 0.2230 0.2112)
(-174.2860 0.0000 0.2713 0.2087 0.2395 0.2799 0.2978 0.2974 0.2816)
(-172.8570 0.0000 0.3391 0.2608 0.2994 0.3499 0.3723 0.3717 0.3520)
(-171.4290 0.0000 0.4069 0.3130 0.3593 0.4199 0.4468 0.4461 0.4224)
(-170.0000 0.0000 0.4747 0.3652 0.4192 0.4899 0.5212 0.5204 0.4928)
(-168.5710 0.0000 0.5425 0.4173 0.4790 0.5599 0.5957 0.5948 0.5632)
(-167.1430 0.0000 0.6103 0.4695 0.5389 0.6299 0.6702 0.6691 0.6336)
(-165.7140 0.0000 0.6599 0.5091 0.5834 0.6808 0.7240 0.7229 0.6848)
(-164.2860 0.0000 0.6365 0.4983 0.5665 0.6557 0.6952 0.6942 0.6594)
(-162.8570 0.0000 0.6132 0.4876 0.5495 0.6306 0.6665 0.6656 0.6339)
(-161.4290 0.0000 0.5898 0.4768 0.5325 0.6055 0.6378 0.6369 0.6084)
(-160.0000 0.0000 0.5720 0.4696 0.5201 0.5862 0.6155 0.6148 0.5890)
(-155.0000 0.0000 0.5399 0.4632 0.5010 0.5505 0.5724 0.5719 0.5525)
(-150.0000 0.0000 0.5242 0.4649 0.4941 0.5324 0.5493 0.5489 0.5339)
(-145.0000 0.0000 0.5119 0.4656 0.4884 0.5183 0.5316 0.5312 0.5195)
(-140.0000 0.0000 0.4974 0.4612 0.4790 0.5024 0.5127 0.5125 0.5033)
(-135.0000 0.0000 0.4775 0.4494 0.4633 0.4814 0.4894 0.4892 0.4821)
(-130.0000 0.0000 0.4506 0.4291 0.4397 0.4535 0.4597 0.4595 0.4541)
(-125.0000 0.0000 0.4158 0.3998 0.4077 0.4180 0.4226 0.4225 0.4185)
(-120.0000 0.0000 0.3731 0.3616 0.3673 0.3747 0.3780 0.3779 0.3750)
(-115.0000 0.0000 0.3229 0.3150 0.3189 0.3240 0.3262 0.3262 0.3242)
(-110.0000 0.0000 0.2660 0.2610 0.2635 0.2667 0.2681 0.2681 0.2668)
(-105.0000 0.0000 0.2037 0.2009 0.2022 0.2040 0.2048 0.2048 0.2041)
(-100.0000 0.0000 0.1374 0.1361 0.1367 0.1375 0.1379 0.1379 0.1376)
(-95.0000 0.0000 0.0688 0.0685 0.0687 0.0689 0.0690 0.0690 0.0689)
(-90.0000 0.0000 0.0000 0.0000 0.0000 0.0000 0.0000 0.0000 0.0000)
(-85.0000 0.0000 -0.0688 -0.0685 -0.0687 -0.0689 -0.0690 -0.0690 -0.0689)
(-80.0000 0.0000 -0.1374 -0.1361 -0.1367 -0.1375 -0.1379 -0.1379 -0.1376)
(-75.0000 0.0000 -0.2037 -0.2009 -0.2022 -0.2040 -0.2048 -0.2048 -0.2041)
(-70.0000 0.0000 -0.2660 -0.2610 -0.2635 -0.2667 -0.2681 -0.2681 -0.2668)
(-65.0000 0.0000 -0.3229 -0.3150 -0.3189 -0.3240 -0.3262 -0.3262 -0.3242)
(-60.0000 0.0000 -0.3731 -0.3616 -0.3673 -0.3747 -0.3780 -0.3779 -0.3750)
(-55.0000 0.0000 -0.4158 -0.3998 -0.4077 -0.4180 -0.4226 -0.4225 -0.4185)
(-50.0000 0.0000 -0.4506 -0.4291 -0.4397 -0.4535 -0.4597 -0.4595 -0.4541)
(-45.0000 0.0000 -0.4775 -0.4494 -0.4633 -0.4814 -0.4894 -0.4892 -0.4821)
(-40.0000 0.0000 -0.4974 -0.4612 -0.4790 -0.5024 -0.5127 -0.5125 -0.5033)
(-35.0000 0.0000 -0.5119 -0.4656 -0.4884 -0.5183 -0.5316 -0.5312 -0.5195)
(-30.0000 0.0000 -0.5242 -0.4649 -0.4941 -0.5324 -0.5493 -0.5489 -0.5339)
(-25.0000 0.0000 -0.5399 -0.4632 -0.5010 -0.5505 -0.5724 -0.5719 -0.5525)
(-20.0000 0.0000 -0.5720 -0.4696 -0.5201 -0.5862 -0.6155 -0.6148 -0.5890)
(-19.2860 0.0000 -0.5781 -0.4715 -0.5240 -0.5929 -0.6234 -0.6226 -0.5957)
(-18.5710 0.0000 -0.5898 -0.4768 -0.5325 -0.6055 -0.6378 -0.6369 -0.6084)
(-17.8570 0.0000 -0.6015 -0.4822 -0.5410 -0.6180 -0.6521 -0.6513 -0.6212)
(-17.1430 0.0000 -0.6132 -0.4876 -0.5495 -0.6306 -0.6665 -0.6656 -0.6339)
(-16.4290 0.0000 -0.6249 -0.4930 -0.5580 -0.6432 -0.6809 -0.6799 -0.6466)
(-15.7140 0.0000 -0.6365 -0.4983 -0.5665 -0.6557 -0.6952 -0.6942 -0.6594)
(-15.0000 0.0000 -0.6482 -0.5037 -0.5750 -0.6683 -0.7096 -0.7086 -0.6721)
(-14.2860 0.0000 -0.6599 -0.5091 -0.5834 -0.6808 -0.7240 -0.7229 -0.6848)
(-13.5710 0.0000 -0.6224 -0.4814 -0.5502 -0.6399 -0.6804 -0.6798 -0.6450)
(-12.8570 0.0000 -0.5521 -0.4318 -0.4892 -0.5634 -0.5983 -0.5983 -0.5702)
(-12.1430 0.0000 -0.4817 -0.3821 -0.4282 -0.4869 -0.5161 -0.5169 -0.4953)
(-11.4290 0.0000 -0.4114 -0.3325 -0.3672 -0.4103 -0.4340 -0.4355 -0.4205)
(-10.0000 0.0000 -0.3107 -0.2729 -0.2802 -0.2844 -0.2887 -0.2906 -0.2877)
(-9.0000 0.0000 -0.3300 -0.2933 -0.2973 -0.3141 -0.3211 -0.3247 -0.3237)
(-8.0000 0.0000 -0.3493 -0.3137 -0.3143 -0.3437 -0.3534 -0.3587 -0.3617)
(-7.0000 0.0000 -0.3549 -0.3326 -0.3361 -0.3578 -0.3610 -0.3579 -0.3402)
(-6.0000 0.0000 -0.3604 -0.3514 -0.3583 -0.3718 -0.3685 -0.3570 -0.3121)
(-5.0000 0.0000 -0.2660 -0.2585 -0.2553 -0.2541 -0.2214 -0.1998 -0.1547)
(-4.0000 0.0000 -0.1715 -0.1556 -0.1455 -0.1364 -0.0742 -0.0426 0.0027)
(-3.0000 0.0000 -0.0733 -0.0528 -0.0357 -0.0090 0.0740 0.0944 0.1188)
(-2.0000 0.0000 0.0248 0.0500 0.0741 0.1184 0.2222 0.2314 0.2349)
(-1.0000 0.0000 0.1183 0.1465 0.1899 0.2618 0.3137 0.3191 0.3261)
(0.0000 0.0000 0.2011 0.2431 0.3057 0.4010 0.4052 0.4068 0.4174)
(1.0000 0.0000 0.3036 0.3612 0.4598 0.5024 0.5048 0.5056 0.5130)
(2.0000 0.0000 0.4354 0.5449 0.5796 0.5970 0.5971 0.5961 0.6051)
(3.0000 0.0000 0.6169 0.6629 0.6864 0.7008 0.6900 0.6897 0.6967)
(4.0000 0.0000 0.7447 0.7695 0.7805 0.7913 0.7917 0.7919 0.7909)
(5.0000 0.0000 0.8331 0.8613 0.8716 0.8824 0.8851 0.8858 0.8852)
(6.0000 0.0000 0.9297 0.9435 0.9546 0.9695 0.9735 0.9740 0.9743)
(7.0000 0.0000 1.0110 1.0202 1.0346 1.0516 1.0572 1.0581 1.0590)
(8.0000 0.0000 1.0849 1.0953 1.1093 1.1272 1.1335 1.1359 1.1383)
(9.0000 0.0000 1.1478 1.1607 1.1735 1.1941 1.2005 1.2037 1.2060)
(10.0000 0.0000 1.2033 1.2238 1.2337 1.2532 1.2554 1.2562 1.2609)
(11.0000 0.0000 1.2376 1.2653 1.2773 1.2651 1.2833 1.2812 1.2811)
(12.0000 0.0000 1.0950 1.0702 1.0485 1.0883 1.2671 1.2476 1.2303)
(13.0000 0.0000 1.0272 1.0346 1.0747 1.0684 1.1892 1.1440 1.1000)
(14.0000 0.0000 1.0005 0.7958 0.9007 1.0380 1.0904 1.0884 1.0374)
(15.0000 0.0000 0.9850 0.7922 0.8913 1.0210 1.0703 1.0683 1.0204)
(16.0000 0.0000 0.9677 0.7865 0.8798 1.0019 1.0484 1.0466 1.0015)
(17.0000 0.0000 0.9501 0.7805 0.8679 0.9825 1.0261 1.0244 0.9822)
(18.0000 0.0000 0.9320 0.7741 0.8557 0.9627 1.0033 1.0018 0.9625)
(19.0000 0.0000 0.9136 0.7674 0.8432 0.9425 0.9802 0.9787 0.9423)
(20.0000 0.0000 0.9025 0.7652 0.8364 0.9299 0.9654 0.9640 0.9298)
(25.0000 0.0000 0.8714 0.7681 0.8221 0.8931 0.9199 0.9189 0.8931)
(30.0000 0.0000 0.8560 0.7758 0.8180 0.8735 0.8943 0.8935 0.8735)
(35.0000 0.0000 0.8396 0.7766 0.8099 0.8537 0.8701 0.8695 0.8537)
(40.0000 0.0000 0.8151 0.7657 0.7920 0.8265 0.8394 0.8390 0.8266)
(45.0000 0.0000 0.7793 0.7408 0.7613 0.7883 0.7985 0.7981 0.7885)
(50.0000 0.0000 0.7304 0.7009 0.7167 0.7374 0.7454 0.7451 0.7377)
(55.0000 0.0000 0.6682 0.6462 0.6580 0.6735 0.6796 0.6794 0.6739)
(60.0000 0.0000 0.5933 0.5774 0.5859 0.5973 0.6017 0.6016 0.5976)
(65.0000 0.0000 0.5072 0.4963 0.5022 0.5100 0.5131 0.5131 0.5103)
(70.0000 0.0000 0.4121 0.4051 0.4089 0.4138 0.4159 0.4159 0.4141)
(75.0000 0.0000 0.3105 0.3066 0.3087 0.3115 0.3127 0.3127 0.3117)
(80.0000 0.0000 0.2056 0.2038 0.2048 0.2061 0.2066 0.2066 0.2062)
(85.0000 0.0000 0.1009 0.1004 0.1007 0.1010 0.1011 0.1011 0.1010)
(90.0000 0.0000 0.0000 0.0000 0.0000 0.0000 0.0000 0.0000 0.0000)
(95.0000 0.0000 -0.0688 -0.0685 -0.0687 -0.0689 -0.0690 -0.0690 -0.0689)
(100.0000 0.0000 -0.1374 -0.1361 -0.1367 -0.1375 -0.1379 -0.1379 -0.1376)
(105.0000 0.0000 -0.2037 -0.2009 -0.2022 -0.2040 -0.2048 -0.2048 -0.2041)
(110.0000 0.0000 -0.2660 -0.2610 -0.2635 -0.2667 -0.2681 -0.2681 -0.2668)
(115.0000 0.0000 -0.3229 -0.3150 -0.3189 -0.3240 -0.3262 -0.3262 -0.3242)
(120.0000 0.0000 -0.3731 -0.3616 -0.3673 -0.3747 -0.3780 -0.3779 -0.3750)
(125.0000 0.0000 -0.4158 -0.3998 -0.4077 -0.4180 -0.4226 -0.4225 -0.4185)
(130.0000 0.0000 -0.4506 -0.4291 -0.4397 -0.4535 -0.4597 -0.4595 -0.4541)
(135.0000 0.0000 -0.4775 -0.4494 -0.4633 -0.4814 -0.4894 -0.4892 -0.4821)
(140.0000 0.0000 -0.4974 -0.4612 -0.4790 -0.5024 -0.5127 -0.5125 -0.5033)
(145.0000 0.0000 -0.5119 -0.4656 -0.4884 -0.5183 -0.5316 -0.5312 -0.5195)
(150.0000 0.0000 -0.5242 -0.4649 -0.4941 -0.5324 -0.5493 -0.5489 -0.5339)
(155.0000 0.0000 -0.5399 -0.4632 -0.5010 -0.5505 -0.5724 -0.5719 -0.5525)
(160.0000 0.0000 -0.5720 -0.4696 -0.5201 -0.5862 -0.6155 -0.6148 -0.5890)
(161.4290 0.0000 -0.5898 -0.4768 -0.5325 -0.6055 -0.6378 -0.6369 -0.6084)
(162.8570 0.0000 -0.6132 -0.4876 -0.5495 -0.6306 -0.6665 -0.6656 -0.6339)
(164.2860 0.0000 -0.6365 -0.4983 -0.5665 -0.6557 -0.6952 -0.6942 -0.6594)
(165.7140 0.0000 -0.6599 -0.5091 -0.5834 -0.6808 -0.7240 -0.7229 -0.6848)
(167.1430 0.0000 -0.6103 -0.4695 -0.5389 -0.6299 -0.6702 -0.6691 -0.6336)
(168.5710 0.0000 -0.5425 -0.4173 -0.4790 -0.5599 -0.5957 -0.5948 -0.5632)
(170.0000 0.0000 -0.4747 -0.3652 -0.4192 -0.4899 -0.5212 -0.5204 -0.4928)
(171.4290 0.0000 -0.4069 -0.3130 -0.3593 -0.4199 -0.4468 -0.4461 -0.4224)
(172.8570 0.0000 -0.3391 -0.2608 -0.2994 -0.3499 -0.3723 -0.3717 -0.3520)
(174.2860 0.0000 -0.2713 -0.2087 -0.2395 -0.2799 -0.2978 -0.2974 -0.2816)
(175.7140 0.0000 -0.2034 -0.1565 -0.1796 -0.2100 -0.2234 -0.2230 -0.2112)
(177.1430 0.0000 -0.1356 -0.1043 -0.1198 -0.1400 -0.1489 -0.1487 -0.1408)
(178.5710 0.0000 -0.0678 -0.0522 -0.0599 -0.0700 -0.0745 -0.0743 -0.0704)
(180.0000 0.0000 0.0000 0.0000 0.0000 0.0000 0.0000 0.0000 0.0000)
