// Lift coefficient polar, from OC6 Phase III
// alpha[deg] 
// Re = 0.0E+0 5.0E+04 6.0E+04 7.5E+04 1.0E+05 1.5E+05 1.7E+05 2.0E+05 
(-180.0000 0.0000 0.0000 0.0000 0.0000 0.0000 0.0000 0.0000 0.0000)
(-178.5710 0.0000 0.0678 0.0522 0.0599 0.0700 0.0745 0.0743 0.0704)
(-177.1430 0.0000 0.1356 0.1043 0.1198 0.1400 0.1489 0.1487 0.1408)
(-175.7140 0.0000 0.2034 0.1565 0.1796 0.2100 0.2234 0.2230 0.2112)
(-174.2860 0.0000 0.2713 0.2087 0.2395 0.2799 0.2978 0.2974 0.2816)
(-172.8570 0.0000 0.3391 0.2608 0.2994 0.3499 0.3723 0.3717 0.3520)
(-171.4290 0.0000 0.4069 0.3130 0.3593 0.4199 0.4468 0.4461 0.4224)
(-170.0000 0.0000 0.4747 0.3652 0.4192 0.4899 0.5212 0.5204 0.4928)
(-168.5710 0.0000 0.5425 0.4173 0.4790 0.5599 0.5957 0.5948 0.5632)
(-167.1430 0.0000 0.6103 0.4695 0.5389 0.6299 0.6702 0.6691 0.6336)
(-165.7140 0.0000 0.6599 0.5091 0.5834 0.6808 0.7240 0.7229 0.6848)
(-164.2860 0.0000 0.6365 0.4983 0.5665 0.6557 0.6952 0.6942 0.6594)
(-162.8570 0.0000 0.6132 0.4876 0.5495 0.6306 0.6665 0.6656 0.6339)
(-161.4290 0.0000 0.5898 0.4768 0.5325 0.6055 0.6378 0.6369 0.6084)
(-160.0000 0.0000 0.5720 0.4696 0.5201 0.5862 0.6155 0.6148 0.5890)
(-155.0000 0.0000 0.5399 0.4632 0.5010 0.5505 0.5724 0.5719 0.5525)
(-150.0000 0.0000 0.5242 0.4649 0.4941 0.5324 0.5493 0.5489 0.5339)
(-145.0000 0.0000 0.5119 0.4656 0.4884 0.5183 0.5316 0.5312 0.5195)
(-140.0000 0.0000 0.4974 0.4612 0.4790 0.5024 0.5127 0.5125 0.5033)
(-135.0000 0.0000 0.4775 0.4494 0.4633 0.4814 0.4894 0.4892 0.4821)
(-130.0000 0.0000 0.4506 0.4291 0.4397 0.4535 0.4597 0.4595 0.4541)
(-125.0000 0.0000 0.4158 0.3998 0.4077 0.4180 0.4226 0.4225 0.4185)
(-120.0000 0.0000 0.3731 0.3616 0.3673 0.3747 0.3780 0.3779 0.3750)
(-115.0000 0.0000 0.3229 0.3150 0.3189 0.3240 0.3262 0.3262 0.3242)
(-110.0000 0.0000 0.2660 0.2610 0.2635 0.2667 0.2681 0.2681 0.2668)
(-105.0000 0.0000 0.2037 0.2009 0.2022 0.2040 0.2048 0.2048 0.2041)
(-100.0000 0.0000 0.1374 0.1361 0.1367 0.1375 0.1379 0.1379 0.1376)
(-95.0000 0.0000 0.0688 0.0685 0.0687 0.0689 0.0690 0.0690 0.0689)
(-90.0000 0.0000 0.0000 0.0000 0.0000 0.0000 0.0000 0.0000 0.0000)
(-85.0000 0.0000 -0.0688 -0.0685 -0.0687 -0.0689 -0.0690 -0.0690 -0.0689)
(-80.0000 0.0000 -0.1374 -0.1361 -0.1367 -0.1375 -0.1379 -0.1379 -0.1376)
(-75.0000 0.0000 -0.2037 -0.2009 -0.2022 -0.2040 -0.2048 -0.2048 -0.2041)
(-70.0000 0.0000 -0.2660 -0.2610 -0.2635 -0.2667 -0.2681 -0.2681 -0.2668)
(-65.0000 0.0000 -0.3229 -0.3150 -0.3189 -0.3240 -0.3262 -0.3262 -0.3242)
(-60.0000 0.0000 -0.3731 -0.3616 -0.3673 -0.3747 -0.3780 -0.3779 -0.3750)
(-55.0000 0.0000 -0.4158 -0.3998 -0.4077 -0.4180 -0.4226 -0.4225 -0.4185)
(-50.0000 0.0000 -0.4506 -0.4291 -0.4397 -0.4535 -0.4597 -0.4595 -0.4541)
(-45.0000 0.0000 -0.4775 -0.4494 -0.4633 -0.4814 -0.4894 -0.4892 -0.4821)
(-40.0000 0.0000 -0.4974 -0.4612 -0.4790 -0.5024 -0.5127 -0.5125 -0.5033)
(-35.0000 0.0000 -0.5119 -0.4656 -0.4884 -0.5183 -0.5316 -0.5312 -0.5195)
(-30.0000 0.0000 -0.5242 -0.4649 -0.4941 -0.5324 -0.5493 -0.5489 -0.5339)
(-25.0000 0.0000 -0.5399 -0.4632 -0.5010 -0.5505 -0.5724 -0.5719 -0.5525)
(-20.0000 0.0000 -0.5720 -0.4696 -0.5201 -0.5862 -0.6155 -0.6148 -0.5890)
(-19.2860 0.0000 -0.5781 -0.4715 -0.5240 -0.5929 -0.6234 -0.6226 -0.5957)
(-18.5710 0.0000 -0.5898 -0.4768 -0.5325 -0.6055 -0.6378 -0.6369 -0.6084)
(-17.8570 0.0000 -0.6015 -0.4822 -0.5410 -0.6180 -0.6521 -0.6513 -0.6212)
(-17.1430 0.0000 -0.6132 -0.4876 -0.5495 -0.6306 -0.6665 -0.6656 -0.6339)
(-16.4290 0.0000 -0.6249 -0.4930 -0.5580 -0.6432 -0.6809 -0.6799 -0.6466)
(-15.7140 0.0000 -0.6365 -0.4983 -0.5665 -0.6557 -0.6952 -0.6942 -0.6594)
(-15.0000 0.0000 -0.6482 -0.5037 -0.5750 -0.6683 -0.7096 -0.7086 -0.6721)
(-14.2860 0.0000 -0.6599 -0.5091 -0.5834 -0.6808 -0.7240 -0.7229 -0.6848)
(-13.5710 0.0000 -0.6224 -0.4814 -0.5502 -0.6399 -0.6804 -0.6798 -0.6450)
(-12.8570 0.0000 -0.5521 -0.4318 -0.4892 -0.5634 -0.5983 -0.5983 -0.5702)
(-12.1430 0.0000 -0.4817 -0.3821 -0.4282 -0.4869 -0.5161 -0.5169 -0.4953)
(-11.4290 0.0000 -0.4114 -0.3325 -0.3672 -0.4103 -0.4340 -0.4355 -0.4205)
(-10.0000 0.0000 -0.2213 -0.1840 -0.2018 -0.2235 -0.2461 -0.2505 -0.2498)
(-9.0000 0.0000 -0.2587 -0.2227 -0.2367 -0.2730 -0.2997 -0.3061 -0.3078)
(-8.0000 0.0000 -0.2961 -0.2614 -0.2717 -0.3224 -0.3533 -0.3618 -0.3682)
(-7.0000 0.0000 -0.3180 -0.2983 -0.3119 -0.3541 -0.3780 -0.3767 -0.3589)
(-6.0000 0.0000 -0.3398 -0.3351 -0.3527 -0.3858 -0.4026 -0.3916 -0.3418)
(-5.0000 0.0000 -0.2487 -0.2458 -0.2517 -0.2673 -0.2467 -0.2235 -0.1734)
(-4.0000 0.0000 -0.1576 -0.1451 -0.1429 -0.1488 -0.0909 -0.0555 -0.0049)
(-3.0000 0.0000 -0.0622 -0.0445 -0.0341 -0.0193 0.0662 0.0890 0.1152)
(-2.0000 0.0000 0.0331 0.0561 0.0746 0.1103 0.2233 0.2334 0.2353)
(-1.0000 0.0000 0.1231 0.1496 0.1902 0.2580 0.3143 0.3201 0.3264)
(0.0000 0.0000 0.2011 0.2431 0.3057 0.4010 0.4052 0.4068 0.4174)
(1.0000 0.0000 0.3014 0.3609 0.4646 0.5008 0.5056 0.5065 0.5135)
(2.0000 0.0000 0.4346 0.5530 0.5846 0.5930 0.5974 0.5965 0.6055)
(3.0000 0.0000 0.6241 0.6707 0.6900 0.6957 0.6900 0.6902 0.6970)
(4.0000 0.0000 0.7530 0.7756 0.7810 0.7832 0.7928 0.7938 0.7913)
(5.0000 0.0000 0.8372 0.8637 0.8686 0.8713 0.8860 0.8878 0.8860)
(6.0000 0.0000 0.9308 0.9411 0.9469 0.9549 0.9733 0.9751 0.9744)
(7.0000 0.0000 1.0071 1.0121 1.0219 1.0328 1.0551 1.0576 1.0578)
(8.0000 0.0000 1.0750 1.0814 1.0909 1.1034 1.1283 1.1328 1.1348)
(9.0000 0.0000 1.1305 1.1397 1.1481 1.1638 1.1906 1.1962 1.1982)
(10.0000 0.0000 1.1776 1.1954 1.2007 1.2156 1.2389 1.2419 1.2466)
(11.0000 0.0000 1.2008 1.2267 1.2344 1.2135 1.2556 1.2553 1.2545)
(12.0000 0.0000 1.0240 0.9907 0.9596 0.9963 1.2209 1.2000 1.1791)
(13.0000 0.0000 0.9318 0.9348 0.9737 0.9580 1.1141 1.0630 1.0106)
(14.0000 0.0000 0.8861 0.6493 0.7611 0.9077 0.9831 0.9820 0.9214)
(15.0000 0.0000 0.8530 0.6297 0.7348 0.8726 0.9437 0.9427 0.8856)
(16.0000 0.0000 0.8221 0.6126 0.7110 0.8399 0.9065 0.9056 0.8520)
(17.0000 0.0000 0.7916 0.5961 0.6877 0.8078 0.8698 0.8689 0.8189)
(18.0000 0.0000 0.7617 0.5799 0.6648 0.7761 0.8336 0.8328 0.7863)
(19.0000 0.0000 0.7321 0.5642 0.6424 0.7448 0.7979 0.7972 0.7542)
(20.0000 0.0000 0.7116 0.5542 0.6273 0.7231 0.7727 0.7720 0.7318)
(25.0000 0.0000 0.6472 0.5299 0.5839 0.6544 0.6913 0.6907 0.6608)
(30.0000 0.0000 0.6160 0.5259 0.5670 0.6207 0.6491 0.6486 0.6257)
(35.0000 0.0000 0.5972 0.5271 0.5588 0.6002 0.6223 0.6219 0.6041)
(40.0000 0.0000 0.5809 0.5264 0.5510 0.5829 0.6000 0.5997 0.5859)
(45.0000 0.0000 0.5618 0.5197 0.5386 0.5631 0.5761 0.5759 0.5652)
(50.0000 0.0000 0.5362 0.5042 0.5185 0.5370 0.5468 0.5467 0.5385)
(55.0000 0.0000 0.5022 0.4784 0.4889 0.5026 0.5097 0.5096 0.5036)
(60.0000 0.0000 0.4583 0.4413 0.4488 0.4586 0.4636 0.4634 0.4591)
(65.0000 0.0000 0.4043 0.3927 0.3978 0.4044 0.4077 0.4076 0.4047)
(70.0000 0.0000 0.3403 0.3329 0.3361 0.3403 0.3423 0.3422 0.3404)
(75.0000 0.0000 0.2667 0.2626 0.2644 0.2667 0.2678 0.2677 0.2667)
(80.0000 0.0000 0.1846 0.1828 0.1836 0.1846 0.1851 0.1851 0.1846)
(85.0000 0.0000 0.0952 0.0948 0.0950 0.0952 0.0954 0.0953 0.0952)
(90.0000 0.0000 0.0000 0.0000 0.0000 0.0000 0.0000 0.0000 0.0000)
(95.0000 0.0000 -0.0688 -0.0685 -0.0687 -0.0689 -0.0690 -0.0690 -0.0689)
(100.0000 0.0000 -0.1374 -0.1361 -0.1367 -0.1375 -0.1379 -0.1379 -0.1376)
(105.0000 0.0000 -0.2037 -0.2009 -0.2022 -0.2040 -0.2048 -0.2048 -0.2041)
(110.0000 0.0000 -0.2660 -0.2610 -0.2635 -0.2667 -0.2681 -0.2681 -0.2668)
(115.0000 0.0000 -0.3229 -0.3150 -0.3189 -0.3240 -0.3262 -0.3262 -0.3242)
(120.0000 0.0000 -0.3731 -0.3616 -0.3673 -0.3747 -0.3780 -0.3779 -0.3750)
(125.0000 0.0000 -0.4158 -0.3998 -0.4077 -0.4180 -0.4226 -0.4225 -0.4185)
(130.0000 0.0000 -0.4506 -0.4291 -0.4397 -0.4535 -0.4597 -0.4595 -0.4541)
(135.0000 0.0000 -0.4775 -0.4494 -0.4633 -0.4814 -0.4894 -0.4892 -0.4821)
(140.0000 0.0000 -0.4974 -0.4612 -0.4790 -0.5024 -0.5127 -0.5125 -0.5033)
(145.0000 0.0000 -0.5119 -0.4656 -0.4884 -0.5183 -0.5316 -0.5312 -0.5195)
(150.0000 0.0000 -0.5242 -0.4649 -0.4941 -0.5324 -0.5493 -0.5489 -0.5339)
(155.0000 0.0000 -0.5399 -0.4632 -0.5010 -0.5505 -0.5724 -0.5719 -0.5525)
(160.0000 0.0000 -0.5720 -0.4696 -0.5201 -0.5862 -0.6155 -0.6148 -0.5890)
(161.4290 0.0000 -0.5898 -0.4768 -0.5325 -0.6055 -0.6378 -0.6369 -0.6084)
(162.8570 0.0000 -0.6132 -0.4876 -0.5495 -0.6306 -0.6665 -0.6656 -0.6339)
(164.2860 0.0000 -0.6365 -0.4983 -0.5665 -0.6557 -0.6952 -0.6942 -0.6594)
(165.7140 0.0000 -0.6599 -0.5091 -0.5834 -0.6808 -0.7240 -0.7229 -0.6848)
(167.1430 0.0000 -0.6103 -0.4695 -0.5389 -0.6299 -0.6702 -0.6691 -0.6336)
(168.5710 0.0000 -0.5425 -0.4173 -0.4790 -0.5599 -0.5957 -0.5948 -0.5632)
(170.0000 0.0000 -0.4747 -0.3652 -0.4192 -0.4899 -0.5212 -0.5204 -0.4928)
(171.4290 0.0000 -0.4069 -0.3130 -0.3593 -0.4199 -0.4468 -0.4461 -0.4224)
(172.8570 0.0000 -0.3391 -0.2608 -0.2994 -0.3499 -0.3723 -0.3717 -0.3520)
(174.2860 0.0000 -0.2713 -0.2087 -0.2395 -0.2799 -0.2978 -0.2974 -0.2816)
(175.7140 0.0000 -0.2034 -0.1565 -0.1796 -0.2100 -0.2234 -0.2230 -0.2112)
(177.1430 0.0000 -0.1356 -0.1043 -0.1198 -0.1400 -0.1489 -0.1487 -0.1408)
(178.5710 0.0000 -0.0678 -0.0522 -0.0599 -0.0700 -0.0745 -0.0743 -0.0704)
(180.0000 0.0000 0.0000 0.0000 0.0000 0.0000 0.0000 0.0000 0.0000)
