// Lift coefficient polar, from OC6 Phase III
// alpha[deg] 
// Re = 0.0E+0 5.0E+04 6.0E+04 7.5E+04 1.0E+05 1.5E+05 1.7E+05 2.0E+05 
(-180.0000 0.0000 0.0000 0.0000 0.0000 0.0000 0.0000 0.0000 0.0000)
(-178.5710 0.0000 0.0658 0.0506 0.0581 0.0679 0.0723 0.0721 0.0683)
(-177.1430 0.0000 0.1316 0.1012 0.1162 0.1358 0.1445 0.1443 0.1366)
(-175.7140 0.0000 0.1974 0.1519 0.1743 0.2037 0.2168 0.2164 0.2049)
(-174.2860 0.0000 0.2632 0.2025 0.2324 0.2717 0.2890 0.2886 0.2733)
(-172.8570 0.0000 0.3290 0.2531 0.2905 0.3396 0.3613 0.3607 0.3416)
(-171.4290 0.0000 0.3948 0.3037 0.3486 0.4075 0.4335 0.4329 0.4099)
(-170.0000 0.0000 0.4607 0.3544 0.4068 0.4754 0.5058 0.5050 0.4782)
(-168.5710 0.0000 0.5265 0.4050 0.4649 0.5433 0.5781 0.5772 0.5465)
(-167.1430 0.0000 0.5923 0.4556 0.5230 0.6112 0.6503 0.6493 0.6148)
(-165.7140 0.0000 0.6404 0.4940 0.5662 0.6607 0.7025 0.7015 0.6646)
(-164.2860 0.0000 0.6177 0.4836 0.5497 0.6363 0.6747 0.6737 0.6399)
(-162.8570 0.0000 0.5950 0.4732 0.5332 0.6119 0.6468 0.6459 0.6151)
(-161.4290 0.0000 0.5723 0.4627 0.5168 0.5875 0.6189 0.6181 0.5904)
(-160.0000 0.0000 0.5551 0.4557 0.5047 0.5689 0.5973 0.5966 0.5715)
(-155.0000 0.0000 0.5239 0.4495 0.4862 0.5342 0.5555 0.5549 0.5362)
(-150.0000 0.0000 0.5086 0.4511 0.4795 0.5166 0.5331 0.5326 0.5181)
(-145.0000 0.0000 0.4967 0.4518 0.4740 0.5030 0.5158 0.5155 0.5042)
(-140.0000 0.0000 0.4826 0.4475 0.4648 0.4875 0.4975 0.4973 0.4884)
(-135.0000 0.0000 0.4633 0.4361 0.4495 0.4671 0.4749 0.4747 0.4678)
(-130.0000 0.0000 0.4372 0.4164 0.4267 0.4401 0.4461 0.4459 0.4407)
(-125.0000 0.0000 0.4035 0.3880 0.3956 0.4057 0.4101 0.4100 0.4061)
(-120.0000 0.0000 0.3621 0.3509 0.3564 0.3636 0.3668 0.3667 0.3639)
(-115.0000 0.0000 0.3133 0.3057 0.3095 0.3144 0.3166 0.3165 0.3146)
(-110.0000 0.0000 0.2581 0.2533 0.2557 0.2588 0.2602 0.2601 0.2589)
(-105.0000 0.0000 0.1976 0.1949 0.1962 0.1980 0.1988 0.1988 0.1981)
(-100.0000 0.0000 0.1333 0.1321 0.1327 0.1335 0.1338 0.1338 0.1335)
(-95.0000 0.0000 0.0668 0.0665 0.0666 0.0669 0.0669 0.0669 0.0669)
(-90.0000 0.0000 0.0000 0.0000 0.0000 0.0000 0.0000 0.0000 0.0000)
(-85.0000 0.0000 -0.0668 -0.0665 -0.0666 -0.0669 -0.0669 -0.0669 -0.0669)
(-80.0000 0.0000 -0.1333 -0.1321 -0.1327 -0.1335 -0.1338 -0.1338 -0.1335)
(-75.0000 0.0000 -0.1976 -0.1949 -0.1962 -0.1980 -0.1988 -0.1988 -0.1981)
(-70.0000 0.0000 -0.2581 -0.2533 -0.2557 -0.2588 -0.2602 -0.2601 -0.2589)
(-65.0000 0.0000 -0.3133 -0.3057 -0.3095 -0.3144 -0.3166 -0.3165 -0.3146)
(-60.0000 0.0000 -0.3621 -0.3509 -0.3564 -0.3636 -0.3668 -0.3667 -0.3639)
(-55.0000 0.0000 -0.4035 -0.3880 -0.3956 -0.4057 -0.4101 -0.4100 -0.4061)
(-50.0000 0.0000 -0.4372 -0.4164 -0.4267 -0.4401 -0.4461 -0.4459 -0.4407)
(-45.0000 0.0000 -0.4633 -0.4361 -0.4495 -0.4671 -0.4749 -0.4747 -0.4678)
(-40.0000 0.0000 -0.4826 -0.4475 -0.4648 -0.4875 -0.4975 -0.4973 -0.4884)
(-35.0000 0.0000 -0.4967 -0.4518 -0.4740 -0.5030 -0.5158 -0.5155 -0.5042)
(-30.0000 0.0000 -0.5086 -0.4511 -0.4795 -0.5166 -0.5331 -0.5326 -0.5181)
(-25.0000 0.0000 -0.5239 -0.4495 -0.4862 -0.5342 -0.5555 -0.5549 -0.5362)
(-20.0000 0.0000 -0.5551 -0.4557 -0.5047 -0.5689 -0.5973 -0.5966 -0.5715)
(-19.2860 0.0000 -0.5610 -0.4575 -0.5085 -0.5753 -0.6049 -0.6042 -0.5781)
(-18.5710 0.0000 -0.5723 -0.4627 -0.5168 -0.5875 -0.6189 -0.6181 -0.5904)
(-17.8570 0.0000 -0.5837 -0.4679 -0.5250 -0.5997 -0.6328 -0.6320 -0.6028)
(-17.1430 0.0000 -0.5950 -0.4732 -0.5332 -0.6119 -0.6468 -0.6459 -0.6151)
(-16.4290 0.0000 -0.6064 -0.4784 -0.5415 -0.6241 -0.6607 -0.6598 -0.6275)
(-15.7140 0.0000 -0.6177 -0.4836 -0.5497 -0.6363 -0.6747 -0.6737 -0.6399)
(-15.0000 0.0000 -0.6290 -0.4888 -0.5579 -0.6485 -0.6886 -0.6876 -0.6522)
(-14.2860 0.0000 -0.6404 -0.4940 -0.5662 -0.6607 -0.7025 -0.7015 -0.6646)
(-13.5710 0.0000 -0.6040 -0.4672 -0.5339 -0.6210 -0.6603 -0.6596 -0.6259)
(-12.8570 0.0000 -0.5357 -0.4190 -0.4747 -0.5467 -0.5806 -0.5806 -0.5533)
(-12.1430 0.0000 -0.4675 -0.3708 -0.4155 -0.4724 -0.5009 -0.5016 -0.4806)
(-11.4290 0.0000 -0.3992 -0.3227 -0.3563 -0.3982 -0.4211 -0.4226 -0.4080)
(-10.0000 0.0000 -0.4840 -0.4461 -0.4319 -0.4002 -0.3671 -0.3640 -0.3566)
(-9.0000 0.0000 -0.4658 -0.4287 -0.4120 -0.3886 -0.3551 -0.3529 -0.3466)
(-8.0000 0.0000 -0.4476 -0.4113 -0.3921 -0.3770 -0.3432 -0.3418 -0.3378)
(-7.0000 0.0000 -0.4197 -0.3928 -0.3754 -0.3547 -0.3156 -0.3089 -0.2921)
(-6.0000 0.0000 -0.3917 -0.3742 -0.3591 -0.3323 -0.2881 -0.2760 -0.2422)
(-5.0000 0.0000 -0.2933 -0.2769 -0.2552 -0.2197 -0.1631 -0.1455 -0.1121)
(-4.0000 0.0000 -0.1949 -0.1725 -0.1465 -0.1071 -0.0381 -0.0151 0.0180)
(-3.0000 0.0000 -0.0938 -0.0682 -0.0378 0.0122 0.0876 0.1028 0.1225)
(-2.0000 0.0000 0.0072 0.0361 0.0708 0.1315 0.2133 0.2206 0.2269)
(-1.0000 0.0000 0.1049 0.1360 0.1838 0.2617 0.3032 0.3077 0.3160)
(0.0000 0.0000 0.1951 0.2359 0.2967 0.3892 0.3932 0.3948 0.4051)
(1.0000 0.0000 0.2993 0.3510 0.4364 0.4906 0.4883 0.4888 0.4968)
(2.0000 0.0000 0.4240 0.5124 0.5520 0.5874 0.5787 0.5776 0.5863)
(3.0000 0.0000 0.5838 0.6274 0.6586 0.6905 0.6695 0.6684 0.6756)
(4.0000 0.0000 0.7058 0.7344 0.7563 0.7845 0.7659 0.7645 0.7665)
(5.0000 0.0000 0.7999 0.8309 0.8520 0.8789 0.8571 0.8554 0.8574)
(6.0000 0.0000 0.8998 0.9207 0.9419 0.9706 0.9451 0.9428 0.9451)
(7.0000 0.0000 0.9890 1.0065 1.0297 1.0588 1.0301 1.0276 1.0301)
(8.0000 0.0000 1.0729 1.0913 1.1139 1.1426 1.1105 1.1086 1.1118)
(9.0000 0.0000 1.1492 1.1693 1.1907 1.2204 1.1850 1.1832 1.1861)
(10.0000 0.0000 1.2201 1.2456 1.2647 1.2929 1.2519 1.2484 1.2526)
(11.0000 0.0000 1.2761 1.3066 1.3270 1.3330 1.3018 1.2963 1.2976)
(12.0000 0.0000 1.2073 1.2009 1.1987 1.2437 1.3239 1.3077 1.2984)
(13.0000 0.0000 1.1914 1.2076 1.2490 1.2620 1.3072 1.2754 1.2498)
(14.0000 0.0000 1.2044 1.0710 1.1591 1.2731 1.2773 1.2730 1.2433)
(15.0000 0.0000 1.2253 1.1003 1.1843 1.2934 1.2969 1.2929 1.2651)
(16.0000 0.0000 1.2363 1.1180 1.1982 1.3027 1.3069 1.3032 1.2768)
(17.0000 0.0000 1.2453 1.1336 1.2100 1.3099 1.3146 1.3112 1.2862)
(18.0000 0.0000 1.2521 1.1474 1.2199 1.3149 1.3200 1.3169 1.2934)
(19.0000 0.0000 1.2568 1.1593 1.2278 1.3177 1.3231 1.3202 1.2983)
(20.0000 0.0000 1.2652 1.1730 1.2383 1.3244 1.3299 1.3272 1.3064)
(25.0000 0.0000 1.3030 1.2312 1.2839 1.3538 1.3592 1.3572 1.3408)
(30.0000 0.0000 1.3202 1.2626 1.3058 1.3633 1.3683 1.3668 1.3533)
(35.0000 0.0000 1.3093 1.2627 1.2981 1.3455 1.3501 1.3488 1.3378)
(40.0000 0.0000 1.2689 1.2314 1.2602 1.2989 1.3031 1.3022 1.2933)
(45.0000 0.0000 1.2000 1.1701 1.1932 1.2245 1.2285 1.2278 1.2206)
(50.0000 0.0000 1.1050 1.0815 1.0998 1.1245 1.1283 1.1279 1.1222)
(55.0000 0.0000 0.9872 0.9693 0.9833 1.0024 1.0060 1.0057 1.0014)
(60.0000 0.0000 0.8512 0.8380 0.8484 0.8625 0.8658 0.8656 0.8625)
(65.0000 0.0000 0.7022 0.6931 0.7003 0.7102 0.7130 0.7130 0.7108)
(70.0000 0.0000 0.5464 0.5405 0.5452 0.5517 0.5538 0.5538 0.5524)
(75.0000 0.0000 0.3906 0.3873 0.3900 0.3937 0.3951 0.3951 0.3943)
(80.0000 0.0000 0.2423 0.2408 0.2420 0.2437 0.2444 0.2445 0.2441)
(85.0000 0.0000 0.1094 0.1090 0.1093 0.1097 0.1099 0.1099 0.1098)
(90.0000 0.0000 0.0000 0.0000 0.0000 0.0000 0.0000 0.0000 0.0000)
(95.0000 0.0000 -0.0668 -0.0665 -0.0666 -0.0669 -0.0669 -0.0669 -0.0669)
(100.0000 0.0000 -0.1333 -0.1321 -0.1327 -0.1335 -0.1338 -0.1338 -0.1335)
(105.0000 0.0000 -0.1976 -0.1949 -0.1962 -0.1980 -0.1988 -0.1988 -0.1981)
(110.0000 0.0000 -0.2581 -0.2533 -0.2557 -0.2588 -0.2602 -0.2601 -0.2589)
(115.0000 0.0000 -0.3133 -0.3057 -0.3095 -0.3144 -0.3166 -0.3165 -0.3146)
(120.0000 0.0000 -0.3621 -0.3509 -0.3564 -0.3636 -0.3668 -0.3667 -0.3639)
(125.0000 0.0000 -0.4035 -0.3880 -0.3956 -0.4057 -0.4101 -0.4100 -0.4061)
(130.0000 0.0000 -0.4372 -0.4164 -0.4267 -0.4401 -0.4461 -0.4459 -0.4407)
(135.0000 0.0000 -0.4633 -0.4361 -0.4495 -0.4671 -0.4749 -0.4747 -0.4678)
(140.0000 0.0000 -0.4826 -0.4475 -0.4648 -0.4875 -0.4975 -0.4973 -0.4884)
(145.0000 0.0000 -0.4967 -0.4518 -0.4740 -0.5030 -0.5158 -0.5155 -0.5042)
(150.0000 0.0000 -0.5086 -0.4511 -0.4795 -0.5166 -0.5331 -0.5326 -0.5181)
(155.0000 0.0000 -0.5239 -0.4495 -0.4862 -0.5342 -0.5555 -0.5549 -0.5362)
(160.0000 0.0000 -0.5551 -0.4557 -0.5047 -0.5689 -0.5973 -0.5966 -0.5715)
(161.4290 0.0000 -0.5723 -0.4627 -0.5168 -0.5875 -0.6189 -0.6181 -0.5904)
(162.8570 0.0000 -0.5950 -0.4732 -0.5332 -0.6119 -0.6468 -0.6459 -0.6151)
(164.2860 0.0000 -0.6177 -0.4836 -0.5497 -0.6363 -0.6747 -0.6737 -0.6399)
(165.7140 0.0000 -0.6404 -0.4940 -0.5662 -0.6607 -0.7025 -0.7015 -0.6646)
(167.1430 0.0000 -0.5923 -0.4556 -0.5230 -0.6112 -0.6503 -0.6493 -0.6148)
(168.5710 0.0000 -0.5265 -0.4050 -0.4649 -0.5433 -0.5781 -0.5772 -0.5465)
(170.0000 0.0000 -0.4607 -0.3544 -0.4068 -0.4754 -0.5058 -0.5050 -0.4782)
(171.4290 0.0000 -0.3948 -0.3037 -0.3486 -0.4075 -0.4335 -0.4329 -0.4099)
(172.8570 0.0000 -0.3290 -0.2531 -0.2905 -0.3396 -0.3613 -0.3607 -0.3416)
(174.2860 0.0000 -0.2632 -0.2025 -0.2324 -0.2717 -0.2890 -0.2886 -0.2733)
(175.7140 0.0000 -0.1974 -0.1519 -0.1743 -0.2037 -0.2168 -0.2164 -0.2049)
(177.1430 0.0000 -0.1316 -0.1012 -0.1162 -0.1358 -0.1445 -0.1443 -0.1366)
(178.5710 0.0000 -0.0658 -0.0506 -0.0581 -0.0679 -0.0723 -0.0721 -0.0683)
(180.0000 0.0000 0.0000 0.0000 0.0000 0.0000 0.0000 0.0000 0.0000)
