// Lift coefficient polar, from OC6 Phase III
// alpha[deg] 
// Re = 0.0E+0 5.0E+04 6.0E+04 7.5E+04 1.0E+05 1.5E+05 1.7E+05 2.0E+05 
(-180.0000 0.0000 0.0000 0.0000 0.0000 0.0000 0.0000 0.0000 0.0000)
(-178.5710 0.0000 0.0678 0.0522 0.0599 0.0700 0.0745 0.0743 0.0704)
(-177.1430 0.0000 0.1356 0.1043 0.1198 0.1400 0.1489 0.1487 0.1408)
(-175.7140 0.0000 0.2034 0.1565 0.1796 0.2100 0.2234 0.2230 0.2112)
(-174.2860 0.0000 0.2713 0.2087 0.2395 0.2799 0.2978 0.2974 0.2816)
(-172.8570 0.0000 0.3391 0.2608 0.2994 0.3499 0.3723 0.3717 0.3520)
(-171.4290 0.0000 0.4069 0.3130 0.3593 0.4199 0.4468 0.4461 0.4224)
(-170.0000 0.0000 0.4747 0.3652 0.4192 0.4899 0.5212 0.5204 0.4928)
(-168.5710 0.0000 0.5425 0.4173 0.4790 0.5599 0.5957 0.5948 0.5632)
(-167.1430 0.0000 0.6103 0.4695 0.5389 0.6299 0.6702 0.6691 0.6336)
(-165.7140 0.0000 0.6599 0.5091 0.5834 0.6808 0.7240 0.7229 0.6848)
(-164.2860 0.0000 0.6365 0.4983 0.5665 0.6557 0.6952 0.6942 0.6594)
(-162.8570 0.0000 0.6132 0.4876 0.5495 0.6306 0.6665 0.6656 0.6339)
(-161.4290 0.0000 0.5898 0.4768 0.5325 0.6055 0.6378 0.6369 0.6084)
(-160.0000 0.0000 0.5720 0.4696 0.5201 0.5862 0.6155 0.6148 0.5890)
(-155.0000 0.0000 0.5399 0.4632 0.5010 0.5505 0.5724 0.5719 0.5525)
(-150.0000 0.0000 0.5242 0.4649 0.4941 0.5324 0.5493 0.5489 0.5339)
(-145.0000 0.0000 0.5119 0.4656 0.4884 0.5183 0.5316 0.5312 0.5195)
(-140.0000 0.0000 0.4974 0.4612 0.4790 0.5024 0.5127 0.5125 0.5033)
(-135.0000 0.0000 0.4775 0.4494 0.4633 0.4814 0.4894 0.4892 0.4821)
(-130.0000 0.0000 0.4506 0.4291 0.4397 0.4535 0.4597 0.4595 0.4541)
(-125.0000 0.0000 0.4158 0.3998 0.4077 0.4180 0.4226 0.4225 0.4185)
(-120.0000 0.0000 0.3731 0.3616 0.3673 0.3747 0.3780 0.3779 0.3750)
(-115.0000 0.0000 0.3229 0.3150 0.3189 0.3240 0.3262 0.3262 0.3242)
(-110.0000 0.0000 0.2660 0.2610 0.2635 0.2667 0.2681 0.2681 0.2668)
(-105.0000 0.0000 0.2037 0.2009 0.2022 0.2040 0.2048 0.2048 0.2041)
(-100.0000 0.0000 0.1374 0.1361 0.1367 0.1375 0.1379 0.1379 0.1376)
(-95.0000 0.0000 0.0688 0.0685 0.0687 0.0689 0.0690 0.0690 0.0689)
(-90.0000 0.0000 0.0000 0.0000 0.0000 0.0000 0.0000 0.0000 0.0000)
(-85.0000 0.0000 -0.0688 -0.0685 -0.0687 -0.0689 -0.0690 -0.0690 -0.0689)
(-80.0000 0.0000 -0.1374 -0.1361 -0.1367 -0.1375 -0.1379 -0.1379 -0.1376)
(-75.0000 0.0000 -0.2037 -0.2009 -0.2022 -0.2040 -0.2048 -0.2048 -0.2041)
(-70.0000 0.0000 -0.2660 -0.2610 -0.2635 -0.2667 -0.2681 -0.2681 -0.2668)
(-65.0000 0.0000 -0.3229 -0.3150 -0.3189 -0.3240 -0.3262 -0.3262 -0.3242)
(-60.0000 0.0000 -0.3731 -0.3616 -0.3673 -0.3747 -0.3780 -0.3779 -0.3750)
(-55.0000 0.0000 -0.4158 -0.3998 -0.4077 -0.4180 -0.4226 -0.4225 -0.4185)
(-50.0000 0.0000 -0.4506 -0.4291 -0.4397 -0.4535 -0.4597 -0.4595 -0.4541)
(-45.0000 0.0000 -0.4775 -0.4494 -0.4633 -0.4814 -0.4894 -0.4892 -0.4821)
(-40.0000 0.0000 -0.4974 -0.4612 -0.4790 -0.5024 -0.5127 -0.5125 -0.5033)
(-35.0000 0.0000 -0.5119 -0.4656 -0.4884 -0.5183 -0.5316 -0.5312 -0.5195)
(-30.0000 0.0000 -0.5242 -0.4649 -0.4941 -0.5324 -0.5493 -0.5489 -0.5339)
(-25.0000 0.0000 -0.5399 -0.4632 -0.5010 -0.5505 -0.5724 -0.5719 -0.5525)
(-20.0000 0.0000 -0.5720 -0.4696 -0.5201 -0.5862 -0.6155 -0.6148 -0.5890)
(-19.2860 0.0000 -0.5781 -0.4715 -0.5240 -0.5929 -0.6234 -0.6226 -0.5957)
(-18.5710 0.0000 -0.5898 -0.4768 -0.5325 -0.6055 -0.6378 -0.6369 -0.6084)
(-17.8570 0.0000 -0.6015 -0.4822 -0.5410 -0.6180 -0.6521 -0.6513 -0.6212)
(-17.1430 0.0000 -0.6132 -0.4876 -0.5495 -0.6306 -0.6665 -0.6656 -0.6339)
(-16.4290 0.0000 -0.6249 -0.4930 -0.5580 -0.6432 -0.6809 -0.6799 -0.6466)
(-15.7140 0.0000 -0.6365 -0.4983 -0.5665 -0.6557 -0.6952 -0.6942 -0.6594)
(-15.0000 0.0000 -0.6482 -0.5037 -0.5750 -0.6683 -0.7096 -0.7086 -0.6721)
(-14.2860 0.0000 -0.6599 -0.5091 -0.5834 -0.6808 -0.7240 -0.7229 -0.6848)
(-13.5710 0.0000 -0.6224 -0.4814 -0.5502 -0.6399 -0.6804 -0.6798 -0.6450)
(-12.8570 0.0000 -0.5521 -0.4318 -0.4892 -0.5634 -0.5983 -0.5983 -0.5702)
(-12.1430 0.0000 -0.4817 -0.3821 -0.4282 -0.4869 -0.5161 -0.5169 -0.4953)
(-11.4290 0.0000 -0.4114 -0.3325 -0.3672 -0.4103 -0.4340 -0.4355 -0.4205)
(-10.0000 0.0000 -0.1977 -0.1606 -0.1811 -0.2075 -0.2349 -0.2399 -0.2398)
(-9.0000 0.0000 -0.2399 -0.2041 -0.2208 -0.2622 -0.2941 -0.3012 -0.3036)
(-8.0000 0.0000 -0.2821 -0.2476 -0.2604 -0.3168 -0.3533 -0.3626 -0.3699)
(-7.0000 0.0000 -0.3082 -0.2893 -0.3055 -0.3531 -0.3824 -0.3816 -0.3638)
(-6.0000 0.0000 -0.3344 -0.3308 -0.3512 -0.3894 -0.4116 -0.4007 -0.3497)
(-5.0000 0.0000 -0.2441 -0.2424 -0.2507 -0.2708 -0.2534 -0.2298 -0.1783)
(-4.0000 0.0000 -0.1539 -0.1423 -0.1422 -0.1521 -0.0952 -0.0589 -0.0069)
(-3.0000 0.0000 -0.0593 -0.0423 -0.0337 -0.0220 0.0642 0.0875 0.1143)
(-2.0000 0.0000 0.0353 0.0577 0.0747 0.1081 0.2236 0.2339 0.2355)
(-1.0000 0.0000 0.1244 0.1504 0.1902 0.2570 0.3144 0.3203 0.3264)
(0.0000 0.0000 0.2011 0.2431 0.3057 0.4010 0.4052 0.4068 0.4174)
(1.0000 0.0000 0.3008 0.3609 0.4659 0.5004 0.5058 0.5067 0.5137)
(2.0000 0.0000 0.4344 0.5551 0.5860 0.5919 0.5975 0.5966 0.6056)
(3.0000 0.0000 0.6260 0.6728 0.6910 0.6944 0.6900 0.6903 0.6970)
(4.0000 0.0000 0.7552 0.7772 0.7811 0.7810 0.7931 0.7943 0.7915)
(5.0000 0.0000 0.8383 0.8644 0.8678 0.8684 0.8862 0.8884 0.8862)
(6.0000 0.0000 0.9311 0.9404 0.9449 0.9511 0.9733 0.9754 0.9745)
(7.0000 0.0000 1.0061 1.0099 1.0186 1.0278 1.0546 1.0575 1.0575)
(8.0000 0.0000 1.0724 1.0777 1.0861 1.0971 1.1270 1.1320 1.1339)
(9.0000 0.0000 1.1260 1.1342 1.1414 1.1559 1.1880 1.1943 1.1961)
(10.0000 0.0000 1.1708 1.1879 1.1919 1.2057 1.2345 1.2381 1.2429)
(11.0000 0.0000 1.1911 1.2165 1.2231 1.1999 1.2483 1.2484 1.2474)
(12.0000 0.0000 1.0053 0.9697 0.9362 0.9721 1.2087 1.1875 1.1656)
(13.0000 0.0000 0.9067 0.9085 0.9471 0.9289 1.0943 1.0417 0.9870)
(14.0000 0.0000 0.8559 0.6107 0.7242 0.8734 0.9547 0.9540 0.8909)
(15.0000 0.0000 0.8182 0.5868 0.6935 0.8335 0.9103 0.9096 0.8501)
(16.0000 0.0000 0.7837 0.5668 0.6665 0.7972 0.8690 0.8684 0.8126)
(17.0000 0.0000 0.7498 0.5474 0.6402 0.7617 0.8286 0.8279 0.7758)
(18.0000 0.0000 0.7167 0.5287 0.6145 0.7269 0.7888 0.7882 0.7399)
(19.0000 0.0000 0.6843 0.5106 0.5895 0.6927 0.7499 0.7493 0.7046)
(20.0000 0.0000 0.6613 0.4985 0.5722 0.6685 0.7219 0.7214 0.6796)
(25.0000 0.0000 0.5881 0.4671 0.5211 0.5914 0.6310 0.6306 0.5995)
(30.0000 0.0000 0.5528 0.4600 0.5009 0.5541 0.5844 0.5841 0.5603)
(35.0000 0.0000 0.5332 0.4613 0.4926 0.5334 0.5569 0.5567 0.5383)
(40.0000 0.0000 0.5192 0.4633 0.4874 0.5187 0.5369 0.5367 0.5224)
(45.0000 0.0000 0.5044 0.4614 0.4798 0.5037 0.5175 0.5173 0.5064)
(50.0000 0.0000 0.4850 0.4524 0.4663 0.4842 0.4945 0.4943 0.4860)
(55.0000 0.0000 0.4584 0.4342 0.4444 0.4575 0.4650 0.4648 0.4587)
(60.0000 0.0000 0.4228 0.4054 0.4127 0.4220 0.4271 0.4270 0.4226)
(65.0000 0.0000 0.3772 0.3654 0.3703 0.3766 0.3799 0.3798 0.3768)
(70.0000 0.0000 0.3213 0.3139 0.3170 0.3209 0.3229 0.3228 0.3209)
(75.0000 0.0000 0.2552 0.2510 0.2527 0.2549 0.2559 0.2559 0.2548)
(80.0000 0.0000 0.1791 0.1772 0.1780 0.1790 0.1794 0.1794 0.1789)
(85.0000 0.0000 0.0938 0.0933 0.0935 0.0937 0.0938 0.0938 0.0937)
(90.0000 0.0000 0.0000 0.0000 0.0000 0.0000 0.0000 0.0000 0.0000)
(95.0000 0.0000 -0.0688 -0.0685 -0.0687 -0.0689 -0.0690 -0.0690 -0.0689)
(100.0000 0.0000 -0.1374 -0.1361 -0.1367 -0.1375 -0.1379 -0.1379 -0.1376)
(105.0000 0.0000 -0.2037 -0.2009 -0.2022 -0.2040 -0.2048 -0.2048 -0.2041)
(110.0000 0.0000 -0.2660 -0.2610 -0.2635 -0.2667 -0.2681 -0.2681 -0.2668)
(115.0000 0.0000 -0.3229 -0.3150 -0.3189 -0.3240 -0.3262 -0.3262 -0.3242)
(120.0000 0.0000 -0.3731 -0.3616 -0.3673 -0.3747 -0.3780 -0.3779 -0.3750)
(125.0000 0.0000 -0.4158 -0.3998 -0.4077 -0.4180 -0.4226 -0.4225 -0.4185)
(130.0000 0.0000 -0.4506 -0.4291 -0.4397 -0.4535 -0.4597 -0.4595 -0.4541)
(135.0000 0.0000 -0.4775 -0.4494 -0.4633 -0.4814 -0.4894 -0.4892 -0.4821)
(140.0000 0.0000 -0.4974 -0.4612 -0.4790 -0.5024 -0.5127 -0.5125 -0.5033)
(145.0000 0.0000 -0.5119 -0.4656 -0.4884 -0.5183 -0.5316 -0.5312 -0.5195)
(150.0000 0.0000 -0.5242 -0.4649 -0.4941 -0.5324 -0.5493 -0.5489 -0.5339)
(155.0000 0.0000 -0.5399 -0.4632 -0.5010 -0.5505 -0.5724 -0.5719 -0.5525)
(160.0000 0.0000 -0.5720 -0.4696 -0.5201 -0.5862 -0.6155 -0.6148 -0.5890)
(161.4290 0.0000 -0.5898 -0.4768 -0.5325 -0.6055 -0.6378 -0.6369 -0.6084)
(162.8570 0.0000 -0.6132 -0.4876 -0.5495 -0.6306 -0.6665 -0.6656 -0.6339)
(164.2860 0.0000 -0.6365 -0.4983 -0.5665 -0.6557 -0.6952 -0.6942 -0.6594)
(165.7140 0.0000 -0.6599 -0.5091 -0.5834 -0.6808 -0.7240 -0.7229 -0.6848)
(167.1430 0.0000 -0.6103 -0.4695 -0.5389 -0.6299 -0.6702 -0.6691 -0.6336)
(168.5710 0.0000 -0.5425 -0.4173 -0.4790 -0.5599 -0.5957 -0.5948 -0.5632)
(170.0000 0.0000 -0.4747 -0.3652 -0.4192 -0.4899 -0.5212 -0.5204 -0.4928)
(171.4290 0.0000 -0.4069 -0.3130 -0.3593 -0.4199 -0.4468 -0.4461 -0.4224)
(172.8570 0.0000 -0.3391 -0.2608 -0.2994 -0.3499 -0.3723 -0.3717 -0.3520)
(174.2860 0.0000 -0.2713 -0.2087 -0.2395 -0.2799 -0.2978 -0.2974 -0.2816)
(175.7140 0.0000 -0.2034 -0.1565 -0.1796 -0.2100 -0.2234 -0.2230 -0.2112)
(177.1430 0.0000 -0.1356 -0.1043 -0.1198 -0.1400 -0.1489 -0.1487 -0.1408)
(178.5710 0.0000 -0.0678 -0.0522 -0.0599 -0.0700 -0.0745 -0.0743 -0.0704)
(180.0000 0.0000 0.0000 0.0000 0.0000 0.0000 0.0000 0.0000 0.0000)
