// Lift coefficient polar, from OC6 Phase III
// alpha[deg] 
// Re = 0.0E+0 5.0E+04 6.0E+04 7.5E+04 1.0E+05 1.5E+05 1.7E+05 2.0E+05 
(-180.0000 0.0000 0.0000 0.0000 0.0000 0.0000 0.0000 0.0000 0.0000)
(-178.5710 0.0000 0.0678 0.0522 0.0599 0.0700 0.0745 0.0743 0.0704)
(-177.1430 0.0000 0.1356 0.1043 0.1198 0.1400 0.1489 0.1487 0.1408)
(-175.7140 0.0000 0.2034 0.1565 0.1796 0.2100 0.2234 0.2230 0.2112)
(-174.2860 0.0000 0.2713 0.2087 0.2395 0.2799 0.2978 0.2974 0.2816)
(-172.8570 0.0000 0.3391 0.2608 0.2994 0.3499 0.3723 0.3717 0.3520)
(-171.4290 0.0000 0.4069 0.3130 0.3593 0.4199 0.4468 0.4461 0.4224)
(-170.0000 0.0000 0.4747 0.3652 0.4192 0.4899 0.5212 0.5204 0.4928)
(-168.5710 0.0000 0.5425 0.4173 0.4790 0.5599 0.5957 0.5948 0.5632)
(-167.1430 0.0000 0.6103 0.4695 0.5389 0.6299 0.6702 0.6691 0.6336)
(-165.7140 0.0000 0.6599 0.5091 0.5834 0.6808 0.7240 0.7229 0.6848)
(-164.2860 0.0000 0.6365 0.4983 0.5665 0.6557 0.6952 0.6942 0.6594)
(-162.8570 0.0000 0.6132 0.4876 0.5495 0.6306 0.6665 0.6656 0.6339)
(-161.4290 0.0000 0.5898 0.4768 0.5325 0.6055 0.6378 0.6369 0.6084)
(-160.0000 0.0000 0.5720 0.4696 0.5201 0.5862 0.6155 0.6148 0.5890)
(-155.0000 0.0000 0.5399 0.4632 0.5010 0.5505 0.5724 0.5719 0.5525)
(-150.0000 0.0000 0.5242 0.4649 0.4941 0.5324 0.5493 0.5489 0.5339)
(-145.0000 0.0000 0.5119 0.4656 0.4884 0.5183 0.5316 0.5312 0.5195)
(-140.0000 0.0000 0.4974 0.4612 0.4790 0.5024 0.5127 0.5125 0.5033)
(-135.0000 0.0000 0.4775 0.4494 0.4633 0.4814 0.4894 0.4892 0.4821)
(-130.0000 0.0000 0.4506 0.4291 0.4397 0.4535 0.4597 0.4595 0.4541)
(-125.0000 0.0000 0.4158 0.3998 0.4077 0.4180 0.4226 0.4225 0.4185)
(-120.0000 0.0000 0.3731 0.3616 0.3673 0.3747 0.3780 0.3779 0.3750)
(-115.0000 0.0000 0.3229 0.3150 0.3189 0.3240 0.3262 0.3262 0.3242)
(-110.0000 0.0000 0.2660 0.2610 0.2635 0.2667 0.2681 0.2681 0.2668)
(-105.0000 0.0000 0.2037 0.2009 0.2022 0.2040 0.2048 0.2048 0.2041)
(-100.0000 0.0000 0.1374 0.1361 0.1367 0.1375 0.1379 0.1379 0.1376)
(-95.0000 0.0000 0.0688 0.0685 0.0687 0.0689 0.0690 0.0690 0.0689)
(-90.0000 0.0000 0.0000 0.0000 0.0000 0.0000 0.0000 0.0000 0.0000)
(-85.0000 0.0000 -0.0688 -0.0685 -0.0687 -0.0689 -0.0690 -0.0690 -0.0689)
(-80.0000 0.0000 -0.1374 -0.1361 -0.1367 -0.1375 -0.1379 -0.1379 -0.1376)
(-75.0000 0.0000 -0.2037 -0.2009 -0.2022 -0.2040 -0.2048 -0.2048 -0.2041)
(-70.0000 0.0000 -0.2660 -0.2610 -0.2635 -0.2667 -0.2681 -0.2681 -0.2668)
(-65.0000 0.0000 -0.3229 -0.3150 -0.3189 -0.3240 -0.3262 -0.3262 -0.3242)
(-60.0000 0.0000 -0.3731 -0.3616 -0.3673 -0.3747 -0.3780 -0.3779 -0.3750)
(-55.0000 0.0000 -0.4158 -0.3998 -0.4077 -0.4180 -0.4226 -0.4225 -0.4185)
(-50.0000 0.0000 -0.4506 -0.4291 -0.4397 -0.4535 -0.4597 -0.4595 -0.4541)
(-45.0000 0.0000 -0.4775 -0.4494 -0.4633 -0.4814 -0.4894 -0.4892 -0.4821)
(-40.0000 0.0000 -0.4974 -0.4612 -0.4790 -0.5024 -0.5127 -0.5125 -0.5033)
(-35.0000 0.0000 -0.5119 -0.4656 -0.4884 -0.5183 -0.5316 -0.5312 -0.5195)
(-30.0000 0.0000 -0.5242 -0.4649 -0.4941 -0.5324 -0.5493 -0.5489 -0.5339)
(-25.0000 0.0000 -0.5399 -0.4632 -0.5010 -0.5505 -0.5724 -0.5719 -0.5525)
(-20.0000 0.0000 -0.5720 -0.4696 -0.5201 -0.5862 -0.6155 -0.6148 -0.5890)
(-19.2860 0.0000 -0.5781 -0.4715 -0.5240 -0.5929 -0.6234 -0.6226 -0.5957)
(-18.5710 0.0000 -0.5898 -0.4768 -0.5325 -0.6055 -0.6378 -0.6369 -0.6084)
(-17.8570 0.0000 -0.6015 -0.4822 -0.5410 -0.6180 -0.6521 -0.6513 -0.6212)
(-17.1430 0.0000 -0.6132 -0.4876 -0.5495 -0.6306 -0.6665 -0.6656 -0.6339)
(-16.4290 0.0000 -0.6249 -0.4930 -0.5580 -0.6432 -0.6809 -0.6799 -0.6466)
(-15.7140 0.0000 -0.6365 -0.4983 -0.5665 -0.6557 -0.6952 -0.6942 -0.6594)
(-15.0000 0.0000 -0.6482 -0.5037 -0.5750 -0.6683 -0.7096 -0.7086 -0.6721)
(-14.2860 0.0000 -0.6599 -0.5091 -0.5834 -0.6808 -0.7240 -0.7229 -0.6848)
(-13.5710 0.0000 -0.6224 -0.4814 -0.5502 -0.6399 -0.6804 -0.6798 -0.6450)
(-12.8570 0.0000 -0.5521 -0.4318 -0.4892 -0.5634 -0.5983 -0.5983 -0.5702)
(-12.1430 0.0000 -0.4817 -0.3821 -0.4282 -0.4869 -0.5161 -0.5169 -0.4953)
(-11.4290 0.0000 -0.4114 -0.3325 -0.3672 -0.4103 -0.4340 -0.4355 -0.4205)
(-10.0000 0.0000 -0.3476 -0.3096 -0.3126 -0.3095 -0.3063 -0.3072 -0.3033)
(-9.0000 0.0000 -0.3595 -0.3224 -0.3222 -0.3310 -0.3299 -0.3323 -0.3303)
(-8.0000 0.0000 -0.3713 -0.3353 -0.3319 -0.3525 -0.3535 -0.3574 -0.3590)
(-7.0000 0.0000 -0.3701 -0.3468 -0.3460 -0.3593 -0.3540 -0.3501 -0.3325)
(-6.0000 0.0000 -0.3689 -0.3581 -0.3606 -0.3661 -0.3545 -0.3428 -0.2999)
(-5.0000 0.0000 -0.2731 -0.2638 -0.2568 -0.2487 -0.2109 -0.1900 -0.1470)
(-4.0000 0.0000 -0.1773 -0.1600 -0.1465 -0.1313 -0.0673 -0.0373 0.0058)
(-3.0000 0.0000 -0.0779 -0.0562 -0.0363 -0.0048 0.0772 0.0967 0.1202)
(-2.0000 0.0000 0.0214 0.0475 0.0739 0.1218 0.2217 0.2306 0.2347)
(-1.0000 0.0000 0.1163 0.1453 0.1898 0.2633 0.3135 0.3187 0.3260)
(0.0000 0.0000 0.2011 0.2431 0.3057 0.4010 0.4052 0.4068 0.4174)
(1.0000 0.0000 0.3046 0.3613 0.4578 0.5030 0.5045 0.5052 0.5128)
(2.0000 0.0000 0.4357 0.5416 0.5775 0.5986 0.5969 0.5959 0.6049)
(3.0000 0.0000 0.6139 0.6597 0.6849 0.7030 0.6900 0.6896 0.6966)
(4.0000 0.0000 0.7413 0.7670 0.7803 0.7947 0.7912 0.7911 0.7907)
(5.0000 0.0000 0.8313 0.8603 0.8728 0.8870 0.8847 0.8850 0.8849)
(6.0000 0.0000 0.9292 0.9446 0.9577 0.9755 0.9736 0.9735 0.9742)
(7.0000 0.0000 1.0126 1.0235 1.0398 1.0593 1.0580 1.0582 1.0595)
(8.0000 0.0000 1.0890 1.1011 1.1168 1.1371 1.1356 1.1372 1.1398)
(9.0000 0.0000 1.1550 1.1694 1.1840 1.2065 1.2045 1.2067 1.2092)
(10.0000 0.0000 1.2139 1.2355 1.2474 1.2687 1.2622 1.2622 1.2667)
(11.0000 0.0000 1.2528 1.2812 1.2950 1.2864 1.2947 1.2920 1.2921)
(12.0000 0.0000 1.1243 1.1031 1.0851 1.1262 1.2862 1.2672 1.2514)
(13.0000 0.0000 1.0665 1.0758 1.1164 1.1140 1.2202 1.1774 1.1369)
(14.0000 0.0000 1.0477 0.8562 0.9584 1.0918 1.1347 1.1322 1.0853)
(15.0000 0.0000 1.0395 0.8592 0.9559 1.0821 1.1225 1.1201 1.0760)
(16.0000 0.0000 1.0278 0.8582 0.9495 1.0687 1.1070 1.1047 1.0631)
(17.0000 0.0000 1.0154 0.8565 0.9423 1.0546 1.0906 1.0885 1.0495)
(18.0000 0.0000 1.0023 0.8542 0.9345 1.0396 1.0734 1.0715 1.0351)
(19.0000 0.0000 0.9885 0.8512 0.9260 1.0240 1.0554 1.0537 1.0200)
(20.0000 0.0000 0.9812 0.8522 0.9227 1.0152 1.0449 1.0432 1.0116)
(25.0000 0.0000 0.9639 0.8663 0.9204 0.9916 1.0143 1.0130 0.9890)
(30.0000 0.0000 0.9550 0.8789 0.9215 0.9777 0.9955 0.9946 0.9758)
(35.0000 0.0000 0.9396 0.8795 0.9135 0.9582 0.9724 0.9716 0.9567)
(40.0000 0.0000 0.9118 0.8645 0.8914 0.9270 0.9382 0.9377 0.9259)
(45.0000 0.0000 0.8690 0.8321 0.8532 0.8812 0.8902 0.8898 0.8806)
(50.0000 0.0000 0.8105 0.7821 0.7984 0.8201 0.8273 0.8269 0.8199)
(55.0000 0.0000 0.7367 0.7154 0.7277 0.7441 0.7496 0.7494 0.7441)
(60.0000 0.0000 0.6490 0.6336 0.6425 0.6545 0.6587 0.6586 0.6547)
(65.0000 0.0000 0.5497 0.5391 0.5453 0.5535 0.5566 0.5565 0.5539)
(70.0000 0.0000 0.4417 0.4349 0.4389 0.4442 0.4463 0.4463 0.4446)
(75.0000 0.0000 0.3286 0.3247 0.3270 0.3300 0.3312 0.3312 0.3303)
(80.0000 0.0000 0.2143 0.2125 0.2135 0.2149 0.2155 0.2155 0.2151)
(85.0000 0.0000 0.1032 0.1027 0.1030 0.1034 0.1035 0.1035 0.1034)
(90.0000 0.0000 0.0000 0.0000 0.0000 0.0000 0.0000 0.0000 0.0000)
(95.0000 0.0000 -0.0688 -0.0685 -0.0687 -0.0689 -0.0690 -0.0690 -0.0689)
(100.0000 0.0000 -0.1374 -0.1361 -0.1367 -0.1375 -0.1379 -0.1379 -0.1376)
(105.0000 0.0000 -0.2037 -0.2009 -0.2022 -0.2040 -0.2048 -0.2048 -0.2041)
(110.0000 0.0000 -0.2660 -0.2610 -0.2635 -0.2667 -0.2681 -0.2681 -0.2668)
(115.0000 0.0000 -0.3229 -0.3150 -0.3189 -0.3240 -0.3262 -0.3262 -0.3242)
(120.0000 0.0000 -0.3731 -0.3616 -0.3673 -0.3747 -0.3780 -0.3779 -0.3750)
(125.0000 0.0000 -0.4158 -0.3998 -0.4077 -0.4180 -0.4226 -0.4225 -0.4185)
(130.0000 0.0000 -0.4506 -0.4291 -0.4397 -0.4535 -0.4597 -0.4595 -0.4541)
(135.0000 0.0000 -0.4775 -0.4494 -0.4633 -0.4814 -0.4894 -0.4892 -0.4821)
(140.0000 0.0000 -0.4974 -0.4612 -0.4790 -0.5024 -0.5127 -0.5125 -0.5033)
(145.0000 0.0000 -0.5119 -0.4656 -0.4884 -0.5183 -0.5316 -0.5312 -0.5195)
(150.0000 0.0000 -0.5242 -0.4649 -0.4941 -0.5324 -0.5493 -0.5489 -0.5339)
(155.0000 0.0000 -0.5399 -0.4632 -0.5010 -0.5505 -0.5724 -0.5719 -0.5525)
(160.0000 0.0000 -0.5720 -0.4696 -0.5201 -0.5862 -0.6155 -0.6148 -0.5890)
(161.4290 0.0000 -0.5898 -0.4768 -0.5325 -0.6055 -0.6378 -0.6369 -0.6084)
(162.8570 0.0000 -0.6132 -0.4876 -0.5495 -0.6306 -0.6665 -0.6656 -0.6339)
(164.2860 0.0000 -0.6365 -0.4983 -0.5665 -0.6557 -0.6952 -0.6942 -0.6594)
(165.7140 0.0000 -0.6599 -0.5091 -0.5834 -0.6808 -0.7240 -0.7229 -0.6848)
(167.1430 0.0000 -0.6103 -0.4695 -0.5389 -0.6299 -0.6702 -0.6691 -0.6336)
(168.5710 0.0000 -0.5425 -0.4173 -0.4790 -0.5599 -0.5957 -0.5948 -0.5632)
(170.0000 0.0000 -0.4747 -0.3652 -0.4192 -0.4899 -0.5212 -0.5204 -0.4928)
(171.4290 0.0000 -0.4069 -0.3130 -0.3593 -0.4199 -0.4468 -0.4461 -0.4224)
(172.8570 0.0000 -0.3391 -0.2608 -0.2994 -0.3499 -0.3723 -0.3717 -0.3520)
(174.2860 0.0000 -0.2713 -0.2087 -0.2395 -0.2799 -0.2978 -0.2974 -0.2816)
(175.7140 0.0000 -0.2034 -0.1565 -0.1796 -0.2100 -0.2234 -0.2230 -0.2112)
(177.1430 0.0000 -0.1356 -0.1043 -0.1198 -0.1400 -0.1489 -0.1487 -0.1408)
(178.5710 0.0000 -0.0678 -0.0522 -0.0599 -0.0700 -0.0745 -0.0743 -0.0704)
(180.0000 0.0000 0.0000 0.0000 0.0000 0.0000 0.0000 0.0000 0.0000)
