// Lift coefficient polar, from OC6 Phase III
// alpha[deg] 
// Re = 0.0E+0 5.0E+04 6.0E+04 7.5E+04 1.0E+05 1.5E+05 1.7E+05 2.0E+05 
(-180.0000 0.0000 0.0000 0.0000 0.0000 0.0000 0.0000 0.0000 0.0000)
(-178.5710 0.0000 0.0678 0.0522 0.0599 0.0700 0.0745 0.0743 0.0704)
(-177.1430 0.0000 0.1356 0.1043 0.1198 0.1400 0.1489 0.1487 0.1408)
(-175.7140 0.0000 0.2034 0.1565 0.1796 0.2100 0.2234 0.2230 0.2112)
(-174.2860 0.0000 0.2713 0.2087 0.2395 0.2799 0.2978 0.2974 0.2816)
(-172.8570 0.0000 0.3391 0.2608 0.2994 0.3499 0.3723 0.3717 0.3520)
(-171.4290 0.0000 0.4069 0.3130 0.3593 0.4199 0.4468 0.4461 0.4224)
(-170.0000 0.0000 0.4747 0.3652 0.4192 0.4899 0.5212 0.5204 0.4928)
(-168.5710 0.0000 0.5425 0.4173 0.4790 0.5599 0.5957 0.5948 0.5632)
(-167.1430 0.0000 0.6103 0.4695 0.5389 0.6299 0.6702 0.6691 0.6336)
(-165.7140 0.0000 0.6599 0.5091 0.5834 0.6808 0.7240 0.7229 0.6848)
(-164.2860 0.0000 0.6365 0.4983 0.5665 0.6557 0.6952 0.6942 0.6594)
(-162.8570 0.0000 0.6132 0.4876 0.5495 0.6306 0.6665 0.6656 0.6339)
(-161.4290 0.0000 0.5898 0.4768 0.5325 0.6055 0.6378 0.6369 0.6084)
(-160.0000 0.0000 0.5720 0.4696 0.5201 0.5862 0.6155 0.6148 0.5890)
(-155.0000 0.0000 0.5399 0.4632 0.5010 0.5505 0.5724 0.5719 0.5525)
(-150.0000 0.0000 0.5242 0.4649 0.4941 0.5324 0.5493 0.5489 0.5339)
(-145.0000 0.0000 0.5119 0.4656 0.4884 0.5183 0.5316 0.5312 0.5195)
(-140.0000 0.0000 0.4974 0.4612 0.4790 0.5024 0.5127 0.5125 0.5033)
(-135.0000 0.0000 0.4775 0.4494 0.4633 0.4814 0.4894 0.4892 0.4821)
(-130.0000 0.0000 0.4506 0.4291 0.4397 0.4535 0.4597 0.4595 0.4541)
(-125.0000 0.0000 0.4158 0.3998 0.4077 0.4180 0.4226 0.4225 0.4185)
(-120.0000 0.0000 0.3731 0.3616 0.3673 0.3747 0.3780 0.3779 0.3750)
(-115.0000 0.0000 0.3229 0.3150 0.3189 0.3240 0.3262 0.3262 0.3242)
(-110.0000 0.0000 0.2660 0.2610 0.2635 0.2667 0.2681 0.2681 0.2668)
(-105.0000 0.0000 0.2037 0.2009 0.2022 0.2040 0.2048 0.2048 0.2041)
(-100.0000 0.0000 0.1374 0.1361 0.1367 0.1375 0.1379 0.1379 0.1376)
(-95.0000 0.0000 0.0688 0.0685 0.0687 0.0689 0.0690 0.0690 0.0689)
(-90.0000 0.0000 0.0000 0.0000 0.0000 0.0000 0.0000 0.0000 0.0000)
(-85.0000 0.0000 -0.0688 -0.0685 -0.0687 -0.0689 -0.0690 -0.0690 -0.0689)
(-80.0000 0.0000 -0.1374 -0.1361 -0.1367 -0.1375 -0.1379 -0.1379 -0.1376)
(-75.0000 0.0000 -0.2037 -0.2009 -0.2022 -0.2040 -0.2048 -0.2048 -0.2041)
(-70.0000 0.0000 -0.2660 -0.2610 -0.2635 -0.2667 -0.2681 -0.2681 -0.2668)
(-65.0000 0.0000 -0.3229 -0.3150 -0.3189 -0.3240 -0.3262 -0.3262 -0.3242)
(-60.0000 0.0000 -0.3731 -0.3616 -0.3673 -0.3747 -0.3780 -0.3779 -0.3750)
(-55.0000 0.0000 -0.4158 -0.3998 -0.4077 -0.4180 -0.4226 -0.4225 -0.4185)
(-50.0000 0.0000 -0.4506 -0.4291 -0.4397 -0.4535 -0.4597 -0.4595 -0.4541)
(-45.0000 0.0000 -0.4775 -0.4494 -0.4633 -0.4814 -0.4894 -0.4892 -0.4821)
(-40.0000 0.0000 -0.4974 -0.4612 -0.4790 -0.5024 -0.5127 -0.5125 -0.5033)
(-35.0000 0.0000 -0.5119 -0.4656 -0.4884 -0.5183 -0.5316 -0.5312 -0.5195)
(-30.0000 0.0000 -0.5242 -0.4649 -0.4941 -0.5324 -0.5493 -0.5489 -0.5339)
(-25.0000 0.0000 -0.5399 -0.4632 -0.5010 -0.5505 -0.5724 -0.5719 -0.5525)
(-20.0000 0.0000 -0.5720 -0.4696 -0.5201 -0.5862 -0.6155 -0.6148 -0.5890)
(-19.2860 0.0000 -0.5781 -0.4715 -0.5240 -0.5929 -0.6234 -0.6226 -0.5957)
(-18.5710 0.0000 -0.5898 -0.4768 -0.5325 -0.6055 -0.6378 -0.6369 -0.6084)
(-17.8570 0.0000 -0.6015 -0.4822 -0.5410 -0.6180 -0.6521 -0.6513 -0.6212)
(-17.1430 0.0000 -0.6132 -0.4876 -0.5495 -0.6306 -0.6665 -0.6656 -0.6339)
(-16.4290 0.0000 -0.6249 -0.4930 -0.5580 -0.6432 -0.6809 -0.6799 -0.6466)
(-15.7140 0.0000 -0.6365 -0.4983 -0.5665 -0.6557 -0.6952 -0.6942 -0.6594)
(-15.0000 0.0000 -0.6482 -0.5037 -0.5750 -0.6683 -0.7096 -0.7086 -0.6721)
(-14.2860 0.0000 -0.6599 -0.5091 -0.5834 -0.6808 -0.7240 -0.7229 -0.6848)
(-13.5710 0.0000 -0.6224 -0.4814 -0.5502 -0.6399 -0.6804 -0.6798 -0.6450)
(-12.8570 0.0000 -0.5521 -0.4318 -0.4892 -0.5634 -0.5983 -0.5983 -0.5702)
(-12.1430 0.0000 -0.4817 -0.3821 -0.4282 -0.4869 -0.5161 -0.5169 -0.4953)
(-11.4290 0.0000 -0.4114 -0.3325 -0.3672 -0.4103 -0.4340 -0.4355 -0.4205)
(-10.0000 0.0000 -0.2609 -0.2234 -0.2365 -0.2505 -0.2650 -0.2683 -0.2666)
(-9.0000 0.0000 -0.2903 -0.2540 -0.2635 -0.2912 -0.3092 -0.3143 -0.3149)
(-8.0000 0.0000 -0.3197 -0.2845 -0.2905 -0.3319 -0.3534 -0.3604 -0.3653)
(-7.0000 0.0000 -0.3343 -0.3135 -0.3226 -0.3557 -0.3704 -0.3683 -0.3506)
(-6.0000 0.0000 -0.3489 -0.3423 -0.3552 -0.3796 -0.3875 -0.3763 -0.3287)
(-5.0000 0.0000 -0.2563 -0.2514 -0.2533 -0.2614 -0.2355 -0.2130 -0.1651)
(-4.0000 0.0000 -0.1637 -0.1498 -0.1440 -0.1433 -0.0835 -0.0498 -0.0016)
(-3.0000 0.0000 -0.0671 -0.0482 -0.0348 -0.0147 0.0697 0.0914 0.1168)
(-2.0000 0.0000 0.0294 0.0534 0.0743 0.1139 0.2228 0.2325 0.2351)
(-1.0000 0.0000 0.1210 0.1482 0.1900 0.2597 0.3140 0.3197 0.3263)
(0.0000 0.0000 0.2011 0.2431 0.3057 0.4010 0.4052 0.4068 0.4174)
(1.0000 0.0000 0.3024 0.3610 0.4625 0.5015 0.5052 0.5061 0.5133)
(2.0000 0.0000 0.4349 0.5494 0.5824 0.5947 0.5973 0.5963 0.6053)
(3.0000 0.0000 0.6209 0.6673 0.6884 0.6980 0.6900 0.6900 0.6969)
(4.0000 0.0000 0.7493 0.7729 0.7807 0.7868 0.7923 0.7930 0.7911)
(5.0000 0.0000 0.8354 0.8627 0.8699 0.8762 0.8856 0.8869 0.8856)
(6.0000 0.0000 0.9303 0.9422 0.9503 0.9614 0.9734 0.9746 0.9743)
(7.0000 0.0000 1.0088 1.0157 1.0275 1.0411 1.0560 1.0578 1.0583)
(8.0000 0.0000 1.0794 1.0875 1.0991 1.1139 1.1306 1.1342 1.1364)
(9.0000 0.0000 1.1382 1.1490 1.1594 1.1772 1.1950 1.1995 1.2016)
(10.0000 0.0000 1.1889 1.2080 1.2153 1.2323 1.2462 1.2482 1.2529)
(11.0000 0.0000 1.2171 1.2438 1.2534 1.2364 1.2679 1.2668 1.2663)
(12.0000 0.0000 1.0555 1.0259 0.9990 1.0370 1.2414 1.2211 1.2018)
(13.0000 0.0000 0.9741 0.9790 1.0184 1.0069 1.1474 1.0989 1.0502)
(14.0000 0.0000 0.9368 0.7141 0.8229 0.9654 1.0306 1.0291 0.9728)
(15.0000 0.0000 0.9114 0.7016 0.8041 0.9383 0.9997 0.9983 0.9453)
(16.0000 0.0000 0.8866 0.6896 0.7857 0.9117 0.9693 0.9680 0.9182)
(17.0000 0.0000 0.8618 0.6777 0.7675 0.8851 0.9390 0.9377 0.8912)
(18.0000 0.0000 0.8371 0.6659 0.7494 0.8587 0.9087 0.9076 0.8643)
(19.0000 0.0000 0.8125 0.6541 0.7313 0.8323 0.8786 0.8776 0.8375)
(20.0000 0.0000 0.7961 0.6476 0.7199 0.8146 0.8580 0.8570 0.8195)
(25.0000 0.0000 0.7465 0.6354 0.6894 0.7601 0.7925 0.7918 0.7637)
(30.0000 0.0000 0.7223 0.6365 0.6781 0.7326 0.7576 0.7571 0.7354)
(35.0000 0.0000 0.7045 0.6375 0.6700 0.7124 0.7320 0.7315 0.7146)
(40.0000 0.0000 0.6846 0.6324 0.6577 0.6908 0.7060 0.7056 0.6924)
(45.0000 0.0000 0.6581 0.6176 0.6372 0.6628 0.6746 0.6743 0.6641)
(50.0000 0.0000 0.6222 0.5913 0.6063 0.6258 0.6347 0.6345 0.6267)
(55.0000 0.0000 0.5757 0.5527 0.5638 0.5783 0.5849 0.5848 0.5790)
(60.0000 0.0000 0.5181 0.5015 0.5095 0.5200 0.5247 0.5246 0.5204)
(65.0000 0.0000 0.4499 0.4386 0.4440 0.4512 0.4544 0.4543 0.4514)
(70.0000 0.0000 0.3721 0.3649 0.3683 0.3729 0.3749 0.3748 0.3730)
(75.0000 0.0000 0.2861 0.2821 0.2840 0.2865 0.2877 0.2876 0.2866)
(80.0000 0.0000 0.1939 0.1921 0.1930 0.1941 0.1946 0.1946 0.1941)
(85.0000 0.0000 0.0977 0.0973 0.0975 0.0978 0.0979 0.0979 0.0978)
(90.0000 0.0000 0.0000 0.0000 0.0000 0.0000 0.0000 0.0000 0.0000)
(95.0000 0.0000 -0.0688 -0.0685 -0.0687 -0.0689 -0.0690 -0.0690 -0.0689)
(100.0000 0.0000 -0.1374 -0.1361 -0.1367 -0.1375 -0.1379 -0.1379 -0.1376)
(105.0000 0.0000 -0.2037 -0.2009 -0.2022 -0.2040 -0.2048 -0.2048 -0.2041)
(110.0000 0.0000 -0.2660 -0.2610 -0.2635 -0.2667 -0.2681 -0.2681 -0.2668)
(115.0000 0.0000 -0.3229 -0.3150 -0.3189 -0.3240 -0.3262 -0.3262 -0.3242)
(120.0000 0.0000 -0.3731 -0.3616 -0.3673 -0.3747 -0.3780 -0.3779 -0.3750)
(125.0000 0.0000 -0.4158 -0.3998 -0.4077 -0.4180 -0.4226 -0.4225 -0.4185)
(130.0000 0.0000 -0.4506 -0.4291 -0.4397 -0.4535 -0.4597 -0.4595 -0.4541)
(135.0000 0.0000 -0.4775 -0.4494 -0.4633 -0.4814 -0.4894 -0.4892 -0.4821)
(140.0000 0.0000 -0.4974 -0.4612 -0.4790 -0.5024 -0.5127 -0.5125 -0.5033)
(145.0000 0.0000 -0.5119 -0.4656 -0.4884 -0.5183 -0.5316 -0.5312 -0.5195)
(150.0000 0.0000 -0.5242 -0.4649 -0.4941 -0.5324 -0.5493 -0.5489 -0.5339)
(155.0000 0.0000 -0.5399 -0.4632 -0.5010 -0.5505 -0.5724 -0.5719 -0.5525)
(160.0000 0.0000 -0.5720 -0.4696 -0.5201 -0.5862 -0.6155 -0.6148 -0.5890)
(161.4290 0.0000 -0.5898 -0.4768 -0.5325 -0.6055 -0.6378 -0.6369 -0.6084)
(162.8570 0.0000 -0.6132 -0.4876 -0.5495 -0.6306 -0.6665 -0.6656 -0.6339)
(164.2860 0.0000 -0.6365 -0.4983 -0.5665 -0.6557 -0.6952 -0.6942 -0.6594)
(165.7140 0.0000 -0.6599 -0.5091 -0.5834 -0.6808 -0.7240 -0.7229 -0.6848)
(167.1430 0.0000 -0.6103 -0.4695 -0.5389 -0.6299 -0.6702 -0.6691 -0.6336)
(168.5710 0.0000 -0.5425 -0.4173 -0.4790 -0.5599 -0.5957 -0.5948 -0.5632)
(170.0000 0.0000 -0.4747 -0.3652 -0.4192 -0.4899 -0.5212 -0.5204 -0.4928)
(171.4290 0.0000 -0.4069 -0.3130 -0.3593 -0.4199 -0.4468 -0.4461 -0.4224)
(172.8570 0.0000 -0.3391 -0.2608 -0.2994 -0.3499 -0.3723 -0.3717 -0.3520)
(174.2860 0.0000 -0.2713 -0.2087 -0.2395 -0.2799 -0.2978 -0.2974 -0.2816)
(175.7140 0.0000 -0.2034 -0.1565 -0.1796 -0.2100 -0.2234 -0.2230 -0.2112)
(177.1430 0.0000 -0.1356 -0.1043 -0.1198 -0.1400 -0.1489 -0.1487 -0.1408)
(178.5710 0.0000 -0.0678 -0.0522 -0.0599 -0.0700 -0.0745 -0.0743 -0.0704)
(180.0000 0.0000 0.0000 0.0000 0.0000 0.0000 0.0000 0.0000 0.0000)
