// Lift coefficient polar, from OC6 Phase III
// alpha[deg] 
// Re = 0.0E+0 5.0E+04 6.0E+04 7.5E+04 1.0E+05 1.5E+05 1.7E+05 2.0E+05 
(-180.0000 0.0000 0.0000 0.0000 0.0000 0.0000 0.0000 0.0000 0.0000)
(-178.5710 0.0000 0.0018 0.0014 0.0016 0.0019 0.0020 0.0020 0.0019)
(-177.1430 0.0000 0.0036 0.0028 0.0032 0.0037 0.0039 0.0039 0.0037)
(-175.7140 0.0000 0.0054 0.0041 0.0048 0.0056 0.0059 0.0059 0.0056)
(-174.2860 0.0000 0.0072 0.0055 0.0063 0.0074 0.0079 0.0079 0.0075)
(-172.8570 0.0000 0.0090 0.0069 0.0079 0.0093 0.0099 0.0098 0.0093)
(-171.4290 0.0000 0.0108 0.0083 0.0095 0.0111 0.0118 0.0118 0.0112)
(-170.0000 0.0000 0.0126 0.0097 0.0111 0.0130 0.0138 0.0138 0.0130)
(-168.5710 0.0000 0.0144 0.0110 0.0127 0.0148 0.0158 0.0157 0.0149)
(-167.1430 0.0000 0.0162 0.0124 0.0143 0.0167 0.0177 0.0177 0.0168)
(-165.7140 0.0000 0.0175 0.0135 0.0154 0.0180 0.0192 0.0191 0.0181)
(-164.2860 0.0000 0.0169 0.0132 0.0150 0.0174 0.0184 0.0184 0.0175)
(-162.8570 0.0000 0.0162 0.0129 0.0145 0.0167 0.0176 0.0176 0.0168)
(-161.4290 0.0000 0.0156 0.0126 0.0141 0.0160 0.0169 0.0169 0.0161)
(-160.0000 0.0000 0.0151 0.0124 0.0138 0.0155 0.0163 0.0163 0.0156)
(-155.0000 0.0000 0.0143 0.0123 0.0133 0.0146 0.0152 0.0151 0.0146)
(-150.0000 0.0000 0.0139 0.0123 0.0131 0.0141 0.0145 0.0145 0.0141)
(-145.0000 0.0000 0.0136 0.0123 0.0129 0.0137 0.0141 0.0141 0.0138)
(-140.0000 0.0000 0.0132 0.0122 0.0127 0.0133 0.0136 0.0136 0.0133)
(-135.0000 0.0000 0.0126 0.0119 0.0123 0.0127 0.0130 0.0129 0.0128)
(-130.0000 0.0000 0.0119 0.0114 0.0116 0.0120 0.0122 0.0122 0.0120)
(-125.0000 0.0000 0.0110 0.0106 0.0108 0.0111 0.0112 0.0112 0.0111)
(-120.0000 0.0000 0.0099 0.0096 0.0097 0.0099 0.0100 0.0100 0.0099)
(-115.0000 0.0000 0.0085 0.0083 0.0084 0.0086 0.0086 0.0086 0.0086)
(-110.0000 0.0000 0.0070 0.0069 0.0070 0.0071 0.0071 0.0071 0.0071)
(-105.0000 0.0000 0.0054 0.0053 0.0054 0.0054 0.0054 0.0054 0.0054)
(-100.0000 0.0000 0.0036 0.0036 0.0036 0.0036 0.0037 0.0036 0.0036)
(-95.0000 0.0000 0.0018 0.0018 0.0018 0.0018 0.0018 0.0018 0.0018)
(-90.0000 0.0000 0.0000 0.0000 0.0000 0.0000 0.0000 0.0000 0.0000)
(-85.0000 0.0000 -0.0018 -0.0018 -0.0018 -0.0018 -0.0018 -0.0018 -0.0018)
(-80.0000 0.0000 -0.0036 -0.0036 -0.0036 -0.0036 -0.0037 -0.0036 -0.0036)
(-75.0000 0.0000 -0.0054 -0.0053 -0.0054 -0.0054 -0.0054 -0.0054 -0.0054)
(-70.0000 0.0000 -0.0070 -0.0069 -0.0070 -0.0071 -0.0071 -0.0071 -0.0071)
(-65.0000 0.0000 -0.0085 -0.0083 -0.0084 -0.0086 -0.0086 -0.0086 -0.0086)
(-60.0000 0.0000 -0.0099 -0.0096 -0.0097 -0.0099 -0.0100 -0.0100 -0.0099)
(-55.0000 0.0000 -0.0110 -0.0106 -0.0108 -0.0111 -0.0112 -0.0112 -0.0111)
(-50.0000 0.0000 -0.0119 -0.0114 -0.0116 -0.0120 -0.0122 -0.0122 -0.0120)
(-45.0000 0.0000 -0.0126 -0.0119 -0.0123 -0.0127 -0.0130 -0.0129 -0.0128)
(-40.0000 0.0000 -0.0132 -0.0122 -0.0127 -0.0133 -0.0136 -0.0136 -0.0133)
(-35.0000 0.0000 -0.0136 -0.0123 -0.0129 -0.0137 -0.0141 -0.0141 -0.0138)
(-30.0000 0.0000 -0.0139 -0.0123 -0.0131 -0.0141 -0.0145 -0.0145 -0.0141)
(-25.0000 0.0000 -0.0143 -0.0123 -0.0133 -0.0146 -0.0152 -0.0151 -0.0146)
(-20.0000 0.0000 -0.0151 -0.0124 -0.0138 -0.0155 -0.0163 -0.0163 -0.0156)
(-19.2860 0.0000 -0.0153 -0.0125 -0.0139 -0.0157 -0.0165 -0.0165 -0.0158)
(-18.5710 0.0000 -0.0156 -0.0126 -0.0141 -0.0160 -0.0169 -0.0169 -0.0161)
(-17.8570 0.0000 -0.0159 -0.0128 -0.0143 -0.0164 -0.0173 -0.0172 -0.0164)
(-17.1430 0.0000 -0.0162 -0.0129 -0.0145 -0.0167 -0.0176 -0.0176 -0.0168)
(-16.4290 0.0000 -0.0165 -0.0130 -0.0148 -0.0170 -0.0180 -0.0180 -0.0171)
(-15.7140 0.0000 -0.0169 -0.0132 -0.0150 -0.0174 -0.0184 -0.0184 -0.0175)
(-15.0000 0.0000 -0.0172 -0.0133 -0.0152 -0.0177 -0.0188 -0.0188 -0.0178)
(-14.2860 0.0000 -0.0175 -0.0135 -0.0154 -0.0180 -0.0192 -0.0191 -0.0181)
(-13.5710 0.0000 -0.0165 -0.0127 -0.0146 -0.0169 -0.0180 -0.0180 -0.0171)
(-12.8570 0.0000 -0.0146 -0.0114 -0.0130 -0.0149 -0.0158 -0.0158 -0.0151)
(-12.1430 0.0000 -0.0128 -0.0101 -0.0113 -0.0129 -0.0137 -0.0137 -0.0131)
(-11.4290 0.0000 -0.0109 -0.0088 -0.0097 -0.0109 -0.0115 -0.0115 -0.0111)
(-10.0000 0.0000 -0.0072 -0.0062 -0.0065 -0.0068 -0.0071 -0.0072 -0.0072)
(-9.0000 0.0000 -0.0079 -0.0069 -0.0072 -0.0078 -0.0082 -0.0084 -0.0084)
(-8.0000 0.0000 -0.0086 -0.0077 -0.0078 -0.0088 -0.0094 -0.0095 -0.0097)
(-7.0000 0.0000 -0.0090 -0.0084 -0.0086 -0.0094 -0.0098 -0.0097 -0.0092)
(-6.0000 0.0000 -0.0093 -0.0091 -0.0094 -0.0100 -0.0102 -0.0099 -0.0086)
(-5.0000 0.0000 -0.0068 -0.0067 -0.0067 -0.0069 -0.0062 -0.0056 -0.0043)
(-4.0000 0.0000 -0.0044 -0.0040 -0.0038 -0.0038 -0.0022 -0.0013 -0.0000)
(-3.0000 0.0000 -0.0018 -0.0013 -0.0009 -0.0004 0.0019 0.0024 0.0031)
(-2.0000 0.0000 0.0008 0.0014 0.0020 0.0030 0.0059 0.0061 0.0062)
(-1.0000 0.0000 0.0032 0.0039 0.0050 0.0069 0.0083 0.0085 0.0086)
(0.0000 0.0000 0.0053 0.0064 0.0081 0.0106 0.0107 0.0108 0.0110)
(1.0000 0.0000 0.0080 0.0096 0.0122 0.0133 0.0134 0.0134 0.0136)
(2.0000 0.0000 0.0115 0.0145 0.0154 0.0158 0.0158 0.0158 0.0160)
(3.0000 0.0000 0.0164 0.0176 0.0182 0.0185 0.0183 0.0183 0.0184)
(4.0000 0.0000 0.0198 0.0204 0.0207 0.0209 0.0210 0.0210 0.0209)
(5.0000 0.0000 0.0221 0.0228 0.0230 0.0232 0.0234 0.0235 0.0234)
(6.0000 0.0000 0.0246 0.0249 0.0252 0.0255 0.0258 0.0258 0.0258)
(7.0000 0.0000 0.0267 0.0269 0.0272 0.0276 0.0280 0.0280 0.0280)
(8.0000 0.0000 0.0286 0.0288 0.0291 0.0296 0.0299 0.0300 0.0301)
(9.0000 0.0000 0.0302 0.0305 0.0308 0.0313 0.0317 0.0318 0.0318)
(10.0000 0.0000 0.0315 0.0321 0.0323 0.0327 0.0330 0.0331 0.0332)
(11.0000 0.0000 0.0323 0.0330 0.0333 0.0329 0.0336 0.0336 0.0336)
(12.0000 0.0000 0.0281 0.0274 0.0267 0.0277 0.0330 0.0325 0.0320)
(13.0000 0.0000 0.0261 0.0262 0.0273 0.0270 0.0306 0.0293 0.0281)
(14.0000 0.0000 0.0251 0.0193 0.0222 0.0259 0.0276 0.0276 0.0261)
(15.0000 0.0000 0.0245 0.0190 0.0217 0.0253 0.0268 0.0268 0.0254)
(16.0000 0.0000 0.0239 0.0188 0.0213 0.0246 0.0261 0.0260 0.0247)
(17.0000 0.0000 0.0233 0.0185 0.0208 0.0239 0.0253 0.0253 0.0241)
(18.0000 0.0000 0.0227 0.0182 0.0204 0.0233 0.0246 0.0245 0.0234)
(19.0000 0.0000 0.0220 0.0179 0.0199 0.0226 0.0238 0.0238 0.0227)
(20.0000 0.0000 0.0216 0.0178 0.0197 0.0222 0.0233 0.0232 0.0223)
(25.0000 0.0000 0.0204 0.0175 0.0189 0.0208 0.0216 0.0216 0.0209)
(30.0000 0.0000 0.0198 0.0176 0.0187 0.0201 0.0208 0.0208 0.0202)
(35.0000 0.0000 0.0194 0.0176 0.0185 0.0196 0.0201 0.0201 0.0196)
(40.0000 0.0000 0.0188 0.0174 0.0181 0.0190 0.0194 0.0194 0.0190)
(45.0000 0.0000 0.0181 0.0170 0.0175 0.0182 0.0185 0.0185 0.0182)
(50.0000 0.0000 0.0170 0.0162 0.0166 0.0172 0.0174 0.0174 0.0172)
(55.0000 0.0000 0.0157 0.0151 0.0154 0.0158 0.0160 0.0160 0.0158)
(60.0000 0.0000 0.0141 0.0137 0.0139 0.0142 0.0143 0.0143 0.0142)
(65.0000 0.0000 0.0122 0.0119 0.0121 0.0123 0.0123 0.0123 0.0123)
(70.0000 0.0000 0.0101 0.0099 0.0100 0.0101 0.0101 0.0101 0.0101)
(75.0000 0.0000 0.0077 0.0076 0.0076 0.0077 0.0077 0.0077 0.0077)
(80.0000 0.0000 0.0052 0.0051 0.0052 0.0052 0.0052 0.0052 0.0052)
(85.0000 0.0000 0.0026 0.0026 0.0026 0.0026 0.0026 0.0026 0.0026)
(90.0000 0.0000 0.0000 0.0000 0.0000 0.0000 0.0000 0.0000 0.0000)
(95.0000 0.0000 -0.0018 -0.0018 -0.0018 -0.0018 -0.0018 -0.0018 -0.0018)
(100.0000 0.0000 -0.0036 -0.0036 -0.0036 -0.0036 -0.0037 -0.0036 -0.0036)
(105.0000 0.0000 -0.0054 -0.0053 -0.0054 -0.0054 -0.0054 -0.0054 -0.0054)
(110.0000 0.0000 -0.0070 -0.0069 -0.0070 -0.0071 -0.0071 -0.0071 -0.0071)
(115.0000 0.0000 -0.0085 -0.0083 -0.0084 -0.0086 -0.0086 -0.0086 -0.0086)
(120.0000 0.0000 -0.0099 -0.0096 -0.0097 -0.0099 -0.0100 -0.0100 -0.0099)
(125.0000 0.0000 -0.0110 -0.0106 -0.0108 -0.0111 -0.0112 -0.0112 -0.0111)
(130.0000 0.0000 -0.0119 -0.0114 -0.0116 -0.0120 -0.0122 -0.0122 -0.0120)
(135.0000 0.0000 -0.0126 -0.0119 -0.0123 -0.0127 -0.0130 -0.0129 -0.0128)
(140.0000 0.0000 -0.0132 -0.0122 -0.0127 -0.0133 -0.0136 -0.0136 -0.0133)
(145.0000 0.0000 -0.0136 -0.0123 -0.0129 -0.0137 -0.0141 -0.0141 -0.0138)
(150.0000 0.0000 -0.0139 -0.0123 -0.0131 -0.0141 -0.0145 -0.0145 -0.0141)
(155.0000 0.0000 -0.0143 -0.0123 -0.0133 -0.0146 -0.0152 -0.0151 -0.0146)
(160.0000 0.0000 -0.0151 -0.0124 -0.0138 -0.0155 -0.0163 -0.0163 -0.0156)
(161.4290 0.0000 -0.0156 -0.0126 -0.0141 -0.0160 -0.0169 -0.0169 -0.0161)
(162.8570 0.0000 -0.0162 -0.0129 -0.0145 -0.0167 -0.0176 -0.0176 -0.0168)
(164.2860 0.0000 -0.0169 -0.0132 -0.0150 -0.0174 -0.0184 -0.0184 -0.0175)
(165.7140 0.0000 -0.0175 -0.0135 -0.0154 -0.0180 -0.0192 -0.0191 -0.0181)
(167.1430 0.0000 -0.0162 -0.0124 -0.0143 -0.0167 -0.0177 -0.0177 -0.0168)
(168.5710 0.0000 -0.0144 -0.0110 -0.0127 -0.0148 -0.0158 -0.0157 -0.0149)
(170.0000 0.0000 -0.0126 -0.0097 -0.0111 -0.0130 -0.0138 -0.0138 -0.0130)
(171.4290 0.0000 -0.0108 -0.0083 -0.0095 -0.0111 -0.0118 -0.0118 -0.0112)
(172.8570 0.0000 -0.0090 -0.0069 -0.0079 -0.0093 -0.0099 -0.0098 -0.0093)
(174.2860 0.0000 -0.0072 -0.0055 -0.0063 -0.0074 -0.0079 -0.0079 -0.0075)
(175.7140 0.0000 -0.0054 -0.0041 -0.0048 -0.0056 -0.0059 -0.0059 -0.0056)
(177.1430 0.0000 -0.0036 -0.0028 -0.0032 -0.0037 -0.0039 -0.0039 -0.0037)
(178.5710 0.0000 -0.0018 -0.0014 -0.0016 -0.0019 -0.0020 -0.0020 -0.0019)
(180.0000 0.0000 0.0000 0.0000 0.0000 0.0000 0.0000 0.0000 0.0000)
