// Lift coefficient polar, from OC6 Phase III
// alpha[deg] 
// Re = 0.0E+0 5.0E+04 6.0E+04 7.5E+04 1.0E+05 1.5E+05 1.7E+05 2.0E+05 
(-180.0000 0.0000 0.0000 0.0000 0.0000 0.0000 0.0000 0.0000 0.0000)
(-178.5710 0.0000 0.0678 0.0522 0.0599 0.0700 0.0745 0.0743 0.0704)
(-177.1430 0.0000 0.1356 0.1043 0.1198 0.1400 0.1489 0.1487 0.1408)
(-175.7140 0.0000 0.2034 0.1565 0.1796 0.2100 0.2234 0.2230 0.2112)
(-174.2860 0.0000 0.2713 0.2087 0.2395 0.2799 0.2978 0.2974 0.2816)
(-172.8570 0.0000 0.3391 0.2608 0.2994 0.3499 0.3723 0.3717 0.3520)
(-171.4290 0.0000 0.4069 0.3130 0.3593 0.4199 0.4468 0.4461 0.4224)
(-170.0000 0.0000 0.4747 0.3652 0.4192 0.4899 0.5212 0.5204 0.4928)
(-168.5710 0.0000 0.5425 0.4173 0.4790 0.5599 0.5957 0.5948 0.5632)
(-167.1430 0.0000 0.6103 0.4695 0.5389 0.6299 0.6702 0.6691 0.6336)
(-165.7140 0.0000 0.6599 0.5091 0.5834 0.6808 0.7240 0.7229 0.6848)
(-164.2860 0.0000 0.6365 0.4983 0.5665 0.6557 0.6952 0.6942 0.6594)
(-162.8570 0.0000 0.6132 0.4876 0.5495 0.6306 0.6665 0.6656 0.6339)
(-161.4290 0.0000 0.5898 0.4768 0.5325 0.6055 0.6378 0.6369 0.6084)
(-160.0000 0.0000 0.5720 0.4696 0.5201 0.5862 0.6155 0.6148 0.5890)
(-155.0000 0.0000 0.5399 0.4632 0.5010 0.5505 0.5724 0.5719 0.5525)
(-150.0000 0.0000 0.5242 0.4649 0.4941 0.5324 0.5493 0.5489 0.5339)
(-145.0000 0.0000 0.5119 0.4656 0.4884 0.5183 0.5316 0.5312 0.5195)
(-140.0000 0.0000 0.4974 0.4612 0.4790 0.5024 0.5127 0.5125 0.5033)
(-135.0000 0.0000 0.4775 0.4494 0.4633 0.4814 0.4894 0.4892 0.4821)
(-130.0000 0.0000 0.4506 0.4291 0.4397 0.4535 0.4597 0.4595 0.4541)
(-125.0000 0.0000 0.4158 0.3998 0.4077 0.4180 0.4226 0.4225 0.4185)
(-120.0000 0.0000 0.3731 0.3616 0.3673 0.3747 0.3780 0.3779 0.3750)
(-115.0000 0.0000 0.3229 0.3150 0.3189 0.3240 0.3262 0.3262 0.3242)
(-110.0000 0.0000 0.2660 0.2610 0.2635 0.2667 0.2681 0.2681 0.2668)
(-105.0000 0.0000 0.2037 0.2009 0.2022 0.2040 0.2048 0.2048 0.2041)
(-100.0000 0.0000 0.1374 0.1361 0.1367 0.1375 0.1379 0.1379 0.1376)
(-95.0000 0.0000 0.0688 0.0685 0.0687 0.0689 0.0690 0.0690 0.0689)
(-90.0000 0.0000 0.0000 0.0000 0.0000 0.0000 0.0000 0.0000 0.0000)
(-85.0000 0.0000 -0.0688 -0.0685 -0.0687 -0.0689 -0.0690 -0.0690 -0.0689)
(-80.0000 0.0000 -0.1374 -0.1361 -0.1367 -0.1375 -0.1379 -0.1379 -0.1376)
(-75.0000 0.0000 -0.2037 -0.2009 -0.2022 -0.2040 -0.2048 -0.2048 -0.2041)
(-70.0000 0.0000 -0.2660 -0.2610 -0.2635 -0.2667 -0.2681 -0.2681 -0.2668)
(-65.0000 0.0000 -0.3229 -0.3150 -0.3189 -0.3240 -0.3262 -0.3262 -0.3242)
(-60.0000 0.0000 -0.3731 -0.3616 -0.3673 -0.3747 -0.3780 -0.3779 -0.3750)
(-55.0000 0.0000 -0.4158 -0.3998 -0.4077 -0.4180 -0.4226 -0.4225 -0.4185)
(-50.0000 0.0000 -0.4506 -0.4291 -0.4397 -0.4535 -0.4597 -0.4595 -0.4541)
(-45.0000 0.0000 -0.4775 -0.4494 -0.4633 -0.4814 -0.4894 -0.4892 -0.4821)
(-40.0000 0.0000 -0.4974 -0.4612 -0.4790 -0.5024 -0.5127 -0.5125 -0.5033)
(-35.0000 0.0000 -0.5119 -0.4656 -0.4884 -0.5183 -0.5316 -0.5312 -0.5195)
(-30.0000 0.0000 -0.5242 -0.4649 -0.4941 -0.5324 -0.5493 -0.5489 -0.5339)
(-25.0000 0.0000 -0.5399 -0.4632 -0.5010 -0.5505 -0.5724 -0.5719 -0.5525)
(-20.0000 0.0000 -0.5720 -0.4696 -0.5201 -0.5862 -0.6155 -0.6148 -0.5890)
(-19.2860 0.0000 -0.5781 -0.4715 -0.5240 -0.5929 -0.6234 -0.6226 -0.5957)
(-18.5710 0.0000 -0.5898 -0.4768 -0.5325 -0.6055 -0.6378 -0.6369 -0.6084)
(-17.8570 0.0000 -0.6015 -0.4822 -0.5410 -0.6180 -0.6521 -0.6513 -0.6212)
(-17.1430 0.0000 -0.6132 -0.4876 -0.5495 -0.6306 -0.6665 -0.6656 -0.6339)
(-16.4290 0.0000 -0.6249 -0.4930 -0.5580 -0.6432 -0.6809 -0.6799 -0.6466)
(-15.7140 0.0000 -0.6365 -0.4983 -0.5665 -0.6557 -0.6952 -0.6942 -0.6594)
(-15.0000 0.0000 -0.6482 -0.5037 -0.5750 -0.6683 -0.7096 -0.7086 -0.6721)
(-14.2860 0.0000 -0.6599 -0.5091 -0.5834 -0.6808 -0.7240 -0.7229 -0.6848)
(-13.5710 0.0000 -0.6224 -0.4814 -0.5502 -0.6399 -0.6804 -0.6798 -0.6450)
(-12.8570 0.0000 -0.5521 -0.4318 -0.4892 -0.5634 -0.5983 -0.5983 -0.5702)
(-12.1430 0.0000 -0.4817 -0.3821 -0.4282 -0.4869 -0.5161 -0.5169 -0.4953)
(-11.4290 0.0000 -0.4114 -0.3325 -0.3672 -0.4103 -0.4340 -0.4355 -0.4205)
(-10.0000 0.0000 -0.2437 -0.2063 -0.2214 -0.2387 -0.2568 -0.2605 -0.2592)
(-9.0000 0.0000 -0.2765 -0.2404 -0.2519 -0.2833 -0.3050 -0.3108 -0.3118)
(-8.0000 0.0000 -0.3094 -0.2745 -0.2823 -0.3278 -0.3533 -0.3610 -0.3666)
(-7.0000 0.0000 -0.3272 -0.3069 -0.3179 -0.3550 -0.3737 -0.3720 -0.3542)
(-6.0000 0.0000 -0.3450 -0.3392 -0.3541 -0.3823 -0.3941 -0.3829 -0.3344)
(-5.0000 0.0000 -0.2530 -0.2489 -0.2526 -0.2640 -0.2404 -0.2176 -0.1687)
(-4.0000 0.0000 -0.1610 -0.1477 -0.1435 -0.1457 -0.0867 -0.0522 -0.0030)
(-3.0000 0.0000 -0.0650 -0.0466 -0.0345 -0.0167 0.0682 0.0903 0.1161)
(-2.0000 0.0000 0.0310 0.0546 0.0744 0.1123 0.2231 0.2329 0.2352)
(-1.0000 0.0000 0.1219 0.1488 0.1901 0.2589 0.3141 0.3199 0.3263)
(0.0000 0.0000 0.2011 0.2431 0.3057 0.4010 0.4052 0.4068 0.4174)
(1.0000 0.0000 0.3019 0.3610 0.4634 0.5012 0.5054 0.5063 0.5134)
(2.0000 0.0000 0.4348 0.5510 0.5834 0.5940 0.5973 0.5964 0.6054)
(3.0000 0.0000 0.6223 0.6688 0.6891 0.6970 0.6900 0.6901 0.6969)
(4.0000 0.0000 0.7509 0.7741 0.7808 0.7852 0.7925 0.7933 0.7912)
(5.0000 0.0000 0.8362 0.8631 0.8693 0.8741 0.8858 0.8873 0.8858)
(6.0000 0.0000 0.9305 0.9417 0.9489 0.9586 0.9734 0.9749 0.9744)
(7.0000 0.0000 1.0081 1.0141 1.0251 1.0375 1.0556 1.0577 1.0581)
(8.0000 0.0000 1.0775 1.0849 1.0955 1.1093 1.1296 1.1336 1.1357)
(9.0000 0.0000 1.1349 1.1450 1.1545 1.1714 1.1931 1.1981 1.2001)
(10.0000 0.0000 1.1840 1.2025 1.2089 1.2250 1.2430 1.2455 1.2502)
(11.0000 0.0000 1.2100 1.2363 1.2451 1.2264 1.2625 1.2618 1.2611)
(12.0000 0.0000 1.0418 1.0106 0.9818 1.0193 1.2324 1.2119 1.1919)
(13.0000 0.0000 0.9557 0.9598 0.9990 0.9856 1.1329 1.0833 1.0329)
(14.0000 0.0000 0.9147 0.6859 0.7960 0.9403 1.0099 1.0086 0.9504)
(15.0000 0.0000 0.8860 0.6703 0.7739 0.9097 0.9753 0.9741 0.9193)
(16.0000 0.0000 0.8585 0.6561 0.7532 0.8804 0.9419 0.9408 0.8893)
(17.0000 0.0000 0.8312 0.6422 0.7327 0.8514 0.9088 0.9078 0.8597)
(18.0000 0.0000 0.8042 0.6284 0.7126 0.8227 0.8760 0.8750 0.8303)
(19.0000 0.0000 0.7775 0.6150 0.6926 0.7942 0.8435 0.8426 0.8012)
(20.0000 0.0000 0.7593 0.6069 0.6796 0.7748 0.8209 0.8200 0.7813)
(25.0000 0.0000 0.7032 0.5895 0.6434 0.7140 0.7484 0.7478 0.7189)
(30.0000 0.0000 0.6760 0.5883 0.6298 0.6839 0.7104 0.7099 0.6876)
(35.0000 0.0000 0.6578 0.5894 0.6216 0.6636 0.6842 0.6838 0.6665)
(40.0000 0.0000 0.6395 0.5862 0.6112 0.6438 0.6598 0.6595 0.6460)
(45.0000 0.0000 0.6161 0.5750 0.5942 0.6194 0.6317 0.6315 0.6210)
(50.0000 0.0000 0.5848 0.5534 0.5681 0.5871 0.5965 0.5963 0.5883)
(55.0000 0.0000 0.5437 0.5203 0.5312 0.5453 0.5522 0.5520 0.5461)
(60.0000 0.0000 0.4921 0.4753 0.4831 0.4932 0.4981 0.4980 0.4937)
(65.0000 0.0000 0.4301 0.4186 0.4239 0.4308 0.4341 0.4340 0.4311)
(70.0000 0.0000 0.3582 0.3510 0.3543 0.3587 0.3607 0.3606 0.3588)
(75.0000 0.0000 0.2777 0.2736 0.2755 0.2779 0.2790 0.2790 0.2779)
(80.0000 0.0000 0.1899 0.1880 0.1889 0.1900 0.1905 0.1904 0.1900)
(85.0000 0.0000 0.0966 0.0962 0.0964 0.0967 0.0968 0.0968 0.0967)
(90.0000 0.0000 0.0000 0.0000 0.0000 0.0000 0.0000 0.0000 0.0000)
(95.0000 0.0000 -0.0688 -0.0685 -0.0687 -0.0689 -0.0690 -0.0690 -0.0689)
(100.0000 0.0000 -0.1374 -0.1361 -0.1367 -0.1375 -0.1379 -0.1379 -0.1376)
(105.0000 0.0000 -0.2037 -0.2009 -0.2022 -0.2040 -0.2048 -0.2048 -0.2041)
(110.0000 0.0000 -0.2660 -0.2610 -0.2635 -0.2667 -0.2681 -0.2681 -0.2668)
(115.0000 0.0000 -0.3229 -0.3150 -0.3189 -0.3240 -0.3262 -0.3262 -0.3242)
(120.0000 0.0000 -0.3731 -0.3616 -0.3673 -0.3747 -0.3780 -0.3779 -0.3750)
(125.0000 0.0000 -0.4158 -0.3998 -0.4077 -0.4180 -0.4226 -0.4225 -0.4185)
(130.0000 0.0000 -0.4506 -0.4291 -0.4397 -0.4535 -0.4597 -0.4595 -0.4541)
(135.0000 0.0000 -0.4775 -0.4494 -0.4633 -0.4814 -0.4894 -0.4892 -0.4821)
(140.0000 0.0000 -0.4974 -0.4612 -0.4790 -0.5024 -0.5127 -0.5125 -0.5033)
(145.0000 0.0000 -0.5119 -0.4656 -0.4884 -0.5183 -0.5316 -0.5312 -0.5195)
(150.0000 0.0000 -0.5242 -0.4649 -0.4941 -0.5324 -0.5493 -0.5489 -0.5339)
(155.0000 0.0000 -0.5399 -0.4632 -0.5010 -0.5505 -0.5724 -0.5719 -0.5525)
(160.0000 0.0000 -0.5720 -0.4696 -0.5201 -0.5862 -0.6155 -0.6148 -0.5890)
(161.4290 0.0000 -0.5898 -0.4768 -0.5325 -0.6055 -0.6378 -0.6369 -0.6084)
(162.8570 0.0000 -0.6132 -0.4876 -0.5495 -0.6306 -0.6665 -0.6656 -0.6339)
(164.2860 0.0000 -0.6365 -0.4983 -0.5665 -0.6557 -0.6952 -0.6942 -0.6594)
(165.7140 0.0000 -0.6599 -0.5091 -0.5834 -0.6808 -0.7240 -0.7229 -0.6848)
(167.1430 0.0000 -0.6103 -0.4695 -0.5389 -0.6299 -0.6702 -0.6691 -0.6336)
(168.5710 0.0000 -0.5425 -0.4173 -0.4790 -0.5599 -0.5957 -0.5948 -0.5632)
(170.0000 0.0000 -0.4747 -0.3652 -0.4192 -0.4899 -0.5212 -0.5204 -0.4928)
(171.4290 0.0000 -0.4069 -0.3130 -0.3593 -0.4199 -0.4468 -0.4461 -0.4224)
(172.8570 0.0000 -0.3391 -0.2608 -0.2994 -0.3499 -0.3723 -0.3717 -0.3520)
(174.2860 0.0000 -0.2713 -0.2087 -0.2395 -0.2799 -0.2978 -0.2974 -0.2816)
(175.7140 0.0000 -0.2034 -0.1565 -0.1796 -0.2100 -0.2234 -0.2230 -0.2112)
(177.1430 0.0000 -0.1356 -0.1043 -0.1198 -0.1400 -0.1489 -0.1487 -0.1408)
(178.5710 0.0000 -0.0678 -0.0522 -0.0599 -0.0700 -0.0745 -0.0743 -0.0704)
(180.0000 0.0000 0.0000 0.0000 0.0000 0.0000 0.0000 0.0000 0.0000)
