// Lift coefficient polar, from OC6 Phase III
// alpha[deg] 
// Re = 0.0E+0 5.0E+04 6.0E+04 7.5E+04 1.0E+05 1.5E+05 1.7E+05 2.0E+05 
(-180.0000 0.0000 0.0000 0.0000 0.0000 0.0000 0.0000 0.0000 0.0000)
(-178.5710 0.0000 0.0678 0.0521 0.0599 0.0700 0.0744 0.0743 0.0704)
(-177.1430 0.0000 0.1356 0.1043 0.1197 0.1399 0.1489 0.1486 0.1407)
(-175.7140 0.0000 0.2034 0.1564 0.1796 0.2099 0.2233 0.2229 0.2111)
(-174.2860 0.0000 0.2711 0.2086 0.2394 0.2798 0.2977 0.2973 0.2815)
(-172.8570 0.0000 0.3389 0.2607 0.2993 0.3498 0.3722 0.3716 0.3519)
(-171.4290 0.0000 0.4067 0.3129 0.3591 0.4197 0.4466 0.4459 0.4222)
(-170.0000 0.0000 0.4745 0.3650 0.4190 0.4897 0.5210 0.5202 0.4926)
(-168.5710 0.0000 0.5423 0.4172 0.4788 0.5597 0.5954 0.5945 0.5630)
(-167.1430 0.0000 0.6101 0.4693 0.5387 0.6296 0.6699 0.6688 0.6333)
(-165.7140 0.0000 0.6596 0.5089 0.5832 0.6806 0.7237 0.7226 0.6845)
(-164.2860 0.0000 0.6363 0.4981 0.5662 0.6554 0.6950 0.6939 0.6591)
(-162.8570 0.0000 0.6129 0.4874 0.5493 0.6303 0.6662 0.6653 0.6336)
(-161.4290 0.0000 0.5895 0.4766 0.5323 0.6052 0.6375 0.6367 0.6082)
(-160.0000 0.0000 0.5718 0.4694 0.5199 0.5860 0.6153 0.6145 0.5887)
(-155.0000 0.0000 0.5396 0.4630 0.5008 0.5503 0.5722 0.5716 0.5523)
(-150.0000 0.0000 0.5239 0.4647 0.4939 0.5322 0.5491 0.5487 0.5337)
(-145.0000 0.0000 0.5117 0.4654 0.4882 0.5181 0.5313 0.5310 0.5193)
(-140.0000 0.0000 0.4972 0.4610 0.4788 0.5022 0.5125 0.5122 0.5031)
(-135.0000 0.0000 0.4773 0.4492 0.4631 0.4812 0.4892 0.4890 0.4819)
(-130.0000 0.0000 0.4504 0.4290 0.4395 0.4534 0.4595 0.4593 0.4539)
(-125.0000 0.0000 0.4156 0.3997 0.4075 0.4179 0.4224 0.4223 0.4183)
(-120.0000 0.0000 0.3730 0.3615 0.3671 0.3746 0.3778 0.3778 0.3749)
(-115.0000 0.0000 0.3228 0.3149 0.3188 0.3238 0.3261 0.3260 0.3241)
(-110.0000 0.0000 0.2659 0.2609 0.2634 0.2666 0.2680 0.2680 0.2667)
(-105.0000 0.0000 0.2036 0.2008 0.2021 0.2040 0.2048 0.2047 0.2040)
(-100.0000 0.0000 0.1373 0.1360 0.1367 0.1375 0.1378 0.1378 0.1375)
(-95.0000 0.0000 0.0688 0.0685 0.0687 0.0689 0.0690 0.0690 0.0689)
(-90.0000 0.0000 0.0000 0.0000 0.0000 0.0000 0.0000 0.0000 0.0000)
(-85.0000 0.0000 -0.0688 -0.0685 -0.0687 -0.0689 -0.0690 -0.0690 -0.0689)
(-80.0000 0.0000 -0.1373 -0.1360 -0.1367 -0.1375 -0.1378 -0.1378 -0.1375)
(-75.0000 0.0000 -0.2036 -0.2008 -0.2021 -0.2040 -0.2048 -0.2047 -0.2040)
(-70.0000 0.0000 -0.2659 -0.2609 -0.2634 -0.2666 -0.2680 -0.2680 -0.2667)
(-65.0000 0.0000 -0.3228 -0.3149 -0.3188 -0.3238 -0.3261 -0.3260 -0.3241)
(-60.0000 0.0000 -0.3730 -0.3615 -0.3671 -0.3746 -0.3778 -0.3778 -0.3749)
(-55.0000 0.0000 -0.4156 -0.3997 -0.4075 -0.4179 -0.4224 -0.4223 -0.4183)
(-50.0000 0.0000 -0.4504 -0.4290 -0.4395 -0.4534 -0.4595 -0.4593 -0.4539)
(-45.0000 0.0000 -0.4773 -0.4492 -0.4631 -0.4812 -0.4892 -0.4890 -0.4819)
(-40.0000 0.0000 -0.4972 -0.4610 -0.4788 -0.5022 -0.5125 -0.5122 -0.5031)
(-35.0000 0.0000 -0.5117 -0.4654 -0.4882 -0.5181 -0.5313 -0.5310 -0.5193)
(-30.0000 0.0000 -0.5239 -0.4647 -0.4939 -0.5322 -0.5491 -0.5487 -0.5337)
(-25.0000 0.0000 -0.5396 -0.4630 -0.5008 -0.5503 -0.5722 -0.5716 -0.5523)
(-20.0000 0.0000 -0.5718 -0.4694 -0.5199 -0.5860 -0.6153 -0.6145 -0.5887)
(-19.2860 0.0000 -0.5779 -0.4713 -0.5238 -0.5927 -0.6231 -0.6224 -0.5955)
(-18.5710 0.0000 -0.5895 -0.4766 -0.5323 -0.6052 -0.6375 -0.6367 -0.6082)
(-17.8570 0.0000 -0.6012 -0.4820 -0.5408 -0.6178 -0.6519 -0.6510 -0.6209)
(-17.1430 0.0000 -0.6129 -0.4874 -0.5493 -0.6303 -0.6662 -0.6653 -0.6336)
(-16.4290 0.0000 -0.6246 -0.4928 -0.5578 -0.6429 -0.6806 -0.6796 -0.6464)
(-15.7140 0.0000 -0.6363 -0.4981 -0.5662 -0.6554 -0.6950 -0.6939 -0.6591)
(-15.0000 0.0000 -0.6480 -0.5035 -0.5747 -0.6680 -0.7093 -0.7083 -0.6718)
(-14.2860 0.0000 -0.6596 -0.5089 -0.5832 -0.6806 -0.7237 -0.7226 -0.6845)
(-13.5710 0.0000 -0.6221 -0.4812 -0.5500 -0.6397 -0.6802 -0.6795 -0.6447)
(-12.8570 0.0000 -0.5518 -0.4316 -0.4890 -0.5632 -0.5980 -0.5981 -0.5699)
(-12.1430 0.0000 -0.4815 -0.3820 -0.4280 -0.4866 -0.5159 -0.5167 -0.4951)
(-11.4290 0.0000 -0.4113 -0.3324 -0.3670 -0.4101 -0.4338 -0.4353 -0.4203)
(-10.0000 0.0000 -0.5160 -0.4769 -0.4602 -0.4242 -0.3864 -0.3828 -0.3747)
(-9.0000 0.0000 -0.4937 -0.4554 -0.4362 -0.4083 -0.3700 -0.3671 -0.3601)
(-8.0000 0.0000 -0.4714 -0.4339 -0.4122 -0.3925 -0.3535 -0.3514 -0.3467)
(-7.0000 0.0000 -0.4395 -0.4113 -0.3915 -0.3661 -0.3218 -0.3145 -0.2972)
(-6.0000 0.0000 -0.4075 -0.3886 -0.3710 -0.3396 -0.2901 -0.2776 -0.2437)
(-5.0000 0.0000 -0.3055 -0.2877 -0.2636 -0.2237 -0.1630 -0.1453 -0.1119)
(-4.0000 0.0000 -0.2035 -0.1798 -0.1514 -0.1079 -0.0359 -0.0130 0.0200)
(-3.0000 0.0000 -0.0988 -0.0719 -0.0393 0.0146 0.0918 0.1069 0.1268)
(-2.0000 0.0000 0.0058 0.0360 0.0729 0.1371 0.2195 0.2269 0.2337)
(-1.0000 0.0000 0.1071 0.1395 0.1892 0.2704 0.3122 0.3168 0.3255)
(0.0000 0.0000 0.2010 0.2430 0.3056 0.4009 0.4050 0.4066 0.4173)
(1.0000 0.0000 0.3087 0.3616 0.4485 0.5056 0.5028 0.5033 0.5117)
(2.0000 0.0000 0.4369 0.5262 0.5676 0.6058 0.5960 0.5949 0.6039)
(3.0000 0.0000 0.5999 0.6447 0.6777 0.7123 0.6897 0.6884 0.6959)
(4.0000 0.0000 0.7254 0.7553 0.7790 0.8097 0.7887 0.7871 0.7894)
(5.0000 0.0000 0.8231 0.8554 0.8782 0.9075 0.8827 0.8808 0.8831)
(6.0000 0.0000 0.9267 0.9488 0.9717 1.0026 0.9735 0.9710 0.9735)
(7.0000 0.0000 1.0195 1.0384 1.0632 1.0943 1.0615 1.0586 1.0613)
(8.0000 0.0000 1.1071 1.1269 1.1510 1.1816 1.1449 1.1425 1.1459)
(9.0000 0.0000 1.1871 1.2086 1.2315 1.2630 1.2225 1.2202 1.2233)
(10.0000 0.0000 1.2618 1.2886 1.3092 1.3391 1.2928 1.2887 1.2931)
(11.0000 0.0000 1.3217 1.3535 1.3753 1.3831 1.3464 1.3404 1.3418)
(12.0000 0.0000 1.2575 1.2526 1.2522 1.2991 1.3728 1.3563 1.3474)
(13.0000 0.0000 1.2458 1.2634 1.3062 1.3215 1.3611 1.3296 1.3049)
(14.0000 0.0000 1.2629 1.1319 1.2212 1.3369 1.3367 1.3321 1.3034)
(15.0000 0.0000 1.2879 1.1652 1.2505 1.3612 1.3606 1.3563 1.3295)
(16.0000 0.0000 1.3020 1.1855 1.2672 1.3735 1.3740 1.3700 1.3444)
(17.0000 0.0000 1.3136 1.2037 1.2816 1.3834 1.3847 1.3810 1.3568)
(18.0000 0.0000 1.3230 1.2198 1.2939 1.3908 1.3929 1.3895 1.3667)
(19.0000 0.0000 1.3300 1.2339 1.3039 1.3960 1.3985 1.3954 1.3741)
(20.0000 0.0000 1.3405 1.2495 1.3164 1.4046 1.4075 1.4046 1.3844)
(25.0000 0.0000 1.3859 1.3147 1.3690 1.4411 1.4447 1.4426 1.4265)
(30.0000 0.0000 1.4068 1.3494 1.3940 1.4537 1.4574 1.4557 1.4424)
(35.0000 0.0000 1.3960 1.3494 1.3862 1.4355 1.4391 1.4378 1.4268)
(40.0000 0.0000 1.3528 1.3151 1.3451 1.3856 1.3891 1.3881 1.3792)
(45.0000 0.0000 1.2786 1.2485 1.2726 1.3053 1.3089 1.3082 1.3009)
(50.0000 0.0000 1.1761 1.1525 1.1715 1.1975 1.2010 1.2006 1.1949)
(55.0000 0.0000 1.0493 1.0312 1.0459 1.0659 1.0694 1.0691 1.0648)
(60.0000 0.0000 0.9031 0.8898 0.9007 0.9155 0.9188 0.9186 0.9155)
(65.0000 0.0000 0.7434 0.7341 0.7417 0.7522 0.7550 0.7550 0.7528)
(70.0000 0.0000 0.5768 0.5709 0.5758 0.5826 0.5848 0.5848 0.5834)
(75.0000 0.0000 0.4109 0.4075 0.4103 0.4143 0.4157 0.4158 0.4150)
(80.0000 0.0000 0.2537 0.2522 0.2534 0.2552 0.2560 0.2560 0.2557)
(85.0000 0.0000 0.1137 0.1133 0.1137 0.1141 0.1144 0.1144 0.1143)
(90.0000 0.0000 0.0000 0.0000 0.0000 0.0000 0.0000 0.0000 0.0000)
(95.0000 0.0000 -0.0688 -0.0685 -0.0687 -0.0689 -0.0690 -0.0690 -0.0689)
(100.0000 0.0000 -0.1373 -0.1360 -0.1367 -0.1375 -0.1378 -0.1378 -0.1375)
(105.0000 0.0000 -0.2036 -0.2008 -0.2021 -0.2040 -0.2048 -0.2047 -0.2040)
(110.0000 0.0000 -0.2659 -0.2609 -0.2634 -0.2666 -0.2680 -0.2680 -0.2667)
(115.0000 0.0000 -0.3228 -0.3149 -0.3188 -0.3238 -0.3261 -0.3260 -0.3241)
(120.0000 0.0000 -0.3730 -0.3615 -0.3671 -0.3746 -0.3778 -0.3778 -0.3749)
(125.0000 0.0000 -0.4156 -0.3997 -0.4075 -0.4179 -0.4224 -0.4223 -0.4183)
(130.0000 0.0000 -0.4504 -0.4290 -0.4395 -0.4534 -0.4595 -0.4593 -0.4539)
(135.0000 0.0000 -0.4773 -0.4492 -0.4631 -0.4812 -0.4892 -0.4890 -0.4819)
(140.0000 0.0000 -0.4972 -0.4610 -0.4788 -0.5022 -0.5125 -0.5122 -0.5031)
(145.0000 0.0000 -0.5117 -0.4654 -0.4882 -0.5181 -0.5313 -0.5310 -0.5193)
(150.0000 0.0000 -0.5239 -0.4647 -0.4939 -0.5322 -0.5491 -0.5487 -0.5337)
(155.0000 0.0000 -0.5396 -0.4630 -0.5008 -0.5503 -0.5722 -0.5716 -0.5523)
(160.0000 0.0000 -0.5718 -0.4694 -0.5199 -0.5860 -0.6153 -0.6145 -0.5887)
(161.4290 0.0000 -0.5895 -0.4766 -0.5323 -0.6052 -0.6375 -0.6367 -0.6082)
(162.8570 0.0000 -0.6129 -0.4874 -0.5493 -0.6303 -0.6662 -0.6653 -0.6336)
(164.2860 0.0000 -0.6363 -0.4981 -0.5662 -0.6554 -0.6950 -0.6939 -0.6591)
(165.7140 0.0000 -0.6596 -0.5089 -0.5832 -0.6806 -0.7237 -0.7226 -0.6845)
(167.1430 0.0000 -0.6101 -0.4693 -0.5387 -0.6296 -0.6699 -0.6688 -0.6333)
(168.5710 0.0000 -0.5423 -0.4172 -0.4788 -0.5597 -0.5954 -0.5945 -0.5630)
(170.0000 0.0000 -0.4745 -0.3650 -0.4190 -0.4897 -0.5210 -0.5202 -0.4926)
(171.4290 0.0000 -0.4067 -0.3129 -0.3591 -0.4197 -0.4466 -0.4459 -0.4222)
(172.8570 0.0000 -0.3389 -0.2607 -0.2993 -0.3498 -0.3722 -0.3716 -0.3519)
(174.2860 0.0000 -0.2711 -0.2086 -0.2394 -0.2798 -0.2977 -0.2973 -0.2815)
(175.7140 0.0000 -0.2034 -0.1564 -0.1796 -0.2099 -0.2233 -0.2229 -0.2111)
(177.1430 0.0000 -0.1356 -0.1043 -0.1197 -0.1399 -0.1489 -0.1486 -0.1407)
(178.5710 0.0000 -0.0678 -0.0521 -0.0599 -0.0700 -0.0744 -0.0743 -0.0704)
(180.0000 0.0000 0.0000 0.0000 0.0000 0.0000 0.0000 0.0000 0.0000)
