// Lift coefficient polar, from OC6 Phase III
// alpha[deg] 
// Re = 0.0E+0 5.0E+04 6.0E+04 7.5E+04 1.0E+05 1.5E+05 1.7E+05 2.0E+05 
(-180.0000 0.0000 0.0000 0.0000 0.0000 0.0000 0.0000 0.0000 0.0000)
(-178.5710 0.0000 0.0678 0.0522 0.0599 0.0700 0.0745 0.0743 0.0704)
(-177.1430 0.0000 0.1356 0.1043 0.1198 0.1400 0.1489 0.1487 0.1408)
(-175.7140 0.0000 0.2034 0.1565 0.1796 0.2100 0.2234 0.2230 0.2112)
(-174.2860 0.0000 0.2713 0.2087 0.2395 0.2799 0.2978 0.2974 0.2816)
(-172.8570 0.0000 0.3391 0.2608 0.2994 0.3499 0.3723 0.3717 0.3520)
(-171.4290 0.0000 0.4069 0.3130 0.3593 0.4199 0.4468 0.4461 0.4224)
(-170.0000 0.0000 0.4747 0.3652 0.4192 0.4899 0.5212 0.5204 0.4928)
(-168.5710 0.0000 0.5425 0.4173 0.4790 0.5599 0.5957 0.5948 0.5632)
(-167.1430 0.0000 0.6103 0.4695 0.5389 0.6299 0.6702 0.6691 0.6336)
(-165.7140 0.0000 0.6599 0.5091 0.5834 0.6808 0.7240 0.7229 0.6848)
(-164.2860 0.0000 0.6365 0.4983 0.5665 0.6557 0.6952 0.6942 0.6594)
(-162.8570 0.0000 0.6132 0.4876 0.5495 0.6306 0.6665 0.6656 0.6339)
(-161.4290 0.0000 0.5898 0.4768 0.5325 0.6055 0.6378 0.6369 0.6084)
(-160.0000 0.0000 0.5720 0.4696 0.5201 0.5862 0.6155 0.6148 0.5890)
(-155.0000 0.0000 0.5399 0.4632 0.5010 0.5505 0.5724 0.5719 0.5525)
(-150.0000 0.0000 0.5242 0.4649 0.4941 0.5324 0.5493 0.5489 0.5339)
(-145.0000 0.0000 0.5119 0.4656 0.4884 0.5183 0.5316 0.5312 0.5195)
(-140.0000 0.0000 0.4974 0.4612 0.4790 0.5024 0.5127 0.5125 0.5033)
(-135.0000 0.0000 0.4775 0.4494 0.4633 0.4814 0.4894 0.4892 0.4821)
(-130.0000 0.0000 0.4506 0.4291 0.4397 0.4535 0.4597 0.4595 0.4541)
(-125.0000 0.0000 0.4158 0.3998 0.4077 0.4180 0.4226 0.4225 0.4185)
(-120.0000 0.0000 0.3731 0.3616 0.3673 0.3747 0.3780 0.3779 0.3750)
(-115.0000 0.0000 0.3229 0.3150 0.3189 0.3240 0.3262 0.3262 0.3242)
(-110.0000 0.0000 0.2660 0.2610 0.2635 0.2667 0.2681 0.2681 0.2668)
(-105.0000 0.0000 0.2037 0.2009 0.2022 0.2040 0.2048 0.2048 0.2041)
(-100.0000 0.0000 0.1374 0.1361 0.1367 0.1375 0.1379 0.1379 0.1376)
(-95.0000 0.0000 0.0688 0.0685 0.0687 0.0689 0.0690 0.0690 0.0689)
(-90.0000 0.0000 0.0000 0.0000 0.0000 0.0000 0.0000 0.0000 0.0000)
(-85.0000 0.0000 -0.0688 -0.0685 -0.0687 -0.0689 -0.0690 -0.0690 -0.0689)
(-80.0000 0.0000 -0.1374 -0.1361 -0.1367 -0.1375 -0.1379 -0.1379 -0.1376)
(-75.0000 0.0000 -0.2037 -0.2009 -0.2022 -0.2040 -0.2048 -0.2048 -0.2041)
(-70.0000 0.0000 -0.2660 -0.2610 -0.2635 -0.2667 -0.2681 -0.2681 -0.2668)
(-65.0000 0.0000 -0.3229 -0.3150 -0.3189 -0.3240 -0.3262 -0.3262 -0.3242)
(-60.0000 0.0000 -0.3731 -0.3616 -0.3673 -0.3747 -0.3780 -0.3779 -0.3750)
(-55.0000 0.0000 -0.4158 -0.3998 -0.4077 -0.4180 -0.4226 -0.4225 -0.4185)
(-50.0000 0.0000 -0.4506 -0.4291 -0.4397 -0.4535 -0.4597 -0.4595 -0.4541)
(-45.0000 0.0000 -0.4775 -0.4494 -0.4633 -0.4814 -0.4894 -0.4892 -0.4821)
(-40.0000 0.0000 -0.4974 -0.4612 -0.4790 -0.5024 -0.5127 -0.5125 -0.5033)
(-35.0000 0.0000 -0.5119 -0.4656 -0.4884 -0.5183 -0.5316 -0.5312 -0.5195)
(-30.0000 0.0000 -0.5242 -0.4649 -0.4941 -0.5324 -0.5493 -0.5489 -0.5339)
(-25.0000 0.0000 -0.5399 -0.4632 -0.5010 -0.5505 -0.5724 -0.5719 -0.5525)
(-20.0000 0.0000 -0.5720 -0.4696 -0.5201 -0.5862 -0.6155 -0.6148 -0.5890)
(-19.2860 0.0000 -0.5781 -0.4715 -0.5240 -0.5929 -0.6234 -0.6226 -0.5957)
(-18.5710 0.0000 -0.5898 -0.4768 -0.5325 -0.6055 -0.6378 -0.6369 -0.6084)
(-17.8570 0.0000 -0.6015 -0.4822 -0.5410 -0.6180 -0.6521 -0.6513 -0.6212)
(-17.1430 0.0000 -0.6132 -0.4876 -0.5495 -0.6306 -0.6665 -0.6656 -0.6339)
(-16.4290 0.0000 -0.6249 -0.4930 -0.5580 -0.6432 -0.6809 -0.6799 -0.6466)
(-15.7140 0.0000 -0.6365 -0.4983 -0.5665 -0.6557 -0.6952 -0.6942 -0.6594)
(-15.0000 0.0000 -0.6482 -0.5037 -0.5750 -0.6683 -0.7096 -0.7086 -0.6721)
(-14.2860 0.0000 -0.6599 -0.5091 -0.5834 -0.6808 -0.7240 -0.7229 -0.6848)
(-13.5710 0.0000 -0.6224 -0.4814 -0.5502 -0.6399 -0.6804 -0.6798 -0.6450)
(-12.8570 0.0000 -0.5521 -0.4318 -0.4892 -0.5634 -0.5983 -0.5983 -0.5702)
(-12.1430 0.0000 -0.4817 -0.3821 -0.4282 -0.4869 -0.5161 -0.5169 -0.4953)
(-11.4290 0.0000 -0.4114 -0.3325 -0.3672 -0.4103 -0.4340 -0.4355 -0.4205)
(-10.0000 0.0000 -0.2139 -0.1767 -0.1953 -0.2185 -0.2426 -0.2472 -0.2466)
(-9.0000 0.0000 -0.2528 -0.2169 -0.2317 -0.2696 -0.2979 -0.3046 -0.3065)
(-8.0000 0.0000 -0.2917 -0.2570 -0.2681 -0.3207 -0.3533 -0.3620 -0.3687)
(-7.0000 0.0000 -0.3149 -0.2955 -0.3099 -0.3538 -0.3794 -0.3782 -0.3604)
(-6.0000 0.0000 -0.3381 -0.3338 -0.3522 -0.3869 -0.4054 -0.3944 -0.3443)
(-5.0000 0.0000 -0.2473 -0.2447 -0.2514 -0.2684 -0.2488 -0.2255 -0.1749)
(-4.0000 0.0000 -0.1564 -0.1442 -0.1426 -0.1498 -0.0922 -0.0565 -0.0055)
(-3.0000 0.0000 -0.0613 -0.0438 -0.0340 -0.0201 0.0656 0.0885 0.1149)
(-2.0000 0.0000 0.0338 0.0566 0.0746 0.1096 0.2234 0.2335 0.2354)
(-1.0000 0.0000 0.1235 0.1498 0.1902 0.2577 0.3143 0.3202 0.3264)
(0.0000 0.0000 0.2011 0.2431 0.3057 0.4010 0.4052 0.4068 0.4174)
(1.0000 0.0000 0.3012 0.3609 0.4650 0.5007 0.5056 0.5066 0.5136)
(2.0000 0.0000 0.4345 0.5537 0.5851 0.5927 0.5975 0.5966 0.6055)
(3.0000 0.0000 0.6247 0.6714 0.6903 0.6953 0.6900 0.6902 0.6970)
(4.0000 0.0000 0.7537 0.7761 0.7810 0.7825 0.7929 0.7940 0.7914)
(5.0000 0.0000 0.8376 0.8639 0.8683 0.8704 0.8860 0.8880 0.8860)
(6.0000 0.0000 0.9309 0.9409 0.9463 0.9537 0.9733 0.9752 0.9744)
(7.0000 0.0000 1.0068 1.0114 1.0209 1.0312 1.0550 1.0576 1.0577)
(8.0000 0.0000 1.0742 1.0802 1.0894 1.1014 1.1279 1.1326 1.1345)
(9.0000 0.0000 1.1291 1.1380 1.1460 1.1614 1.1898 1.1956 1.1975)
(10.0000 0.0000 1.1755 1.1930 1.1979 1.2125 1.2375 1.2407 1.2454)
(11.0000 0.0000 1.1977 1.2235 1.2309 1.2092 1.2533 1.2531 1.2523)
(12.0000 0.0000 1.0182 0.9841 0.9523 0.9887 1.2171 1.1961 1.1749)
(13.0000 0.0000 0.9240 0.9266 0.9654 0.9489 1.1079 1.0564 1.0032)
(14.0000 0.0000 0.8767 0.6372 0.7495 0.8970 0.9742 0.9733 0.9119)
(15.0000 0.0000 0.8421 0.6162 0.7218 0.8604 0.9332 0.9324 0.8745)
(16.0000 0.0000 0.8100 0.5983 0.6971 0.8266 0.8948 0.8939 0.8396)
(17.0000 0.0000 0.7785 0.5809 0.6728 0.7934 0.8569 0.8561 0.8054)
(18.0000 0.0000 0.7476 0.5639 0.6491 0.7607 0.8196 0.8189 0.7718)
(19.0000 0.0000 0.7172 0.5474 0.6259 0.7285 0.7829 0.7822 0.7387)
(20.0000 0.0000 0.6958 0.5368 0.6101 0.7060 0.7568 0.7562 0.7154)
(25.0000 0.0000 0.6287 0.5103 0.5642 0.6347 0.6724 0.6719 0.6416)
(30.0000 0.0000 0.5963 0.5053 0.5463 0.5998 0.6288 0.6284 0.6052)
(35.0000 0.0000 0.5772 0.5065 0.5381 0.5793 0.6018 0.6015 0.5835)
(40.0000 0.0000 0.5616 0.5067 0.5311 0.5628 0.5802 0.5800 0.5660)
(45.0000 0.0000 0.5438 0.5015 0.5202 0.5445 0.5578 0.5576 0.5468)
(50.0000 0.0000 0.5202 0.4880 0.5022 0.5205 0.5305 0.5303 0.5221)
(55.0000 0.0000 0.4885 0.4645 0.4750 0.4885 0.4957 0.4956 0.4895)
(60.0000 0.0000 0.4472 0.4300 0.4375 0.4471 0.4522 0.4520 0.4477)
(65.0000 0.0000 0.3958 0.3841 0.3892 0.3957 0.3990 0.3989 0.3960)
(70.0000 0.0000 0.3343 0.3269 0.3301 0.3342 0.3362 0.3362 0.3343)
(75.0000 0.0000 0.2631 0.2590 0.2607 0.2630 0.2641 0.2640 0.2630)
(80.0000 0.0000 0.1829 0.1810 0.1818 0.1828 0.1833 0.1833 0.1828)
(85.0000 0.0000 0.0948 0.0943 0.0945 0.0948 0.0949 0.0949 0.0947)
(90.0000 0.0000 0.0000 0.0000 0.0000 0.0000 0.0000 0.0000 0.0000)
(95.0000 0.0000 -0.0688 -0.0685 -0.0687 -0.0689 -0.0690 -0.0690 -0.0689)
(100.0000 0.0000 -0.1374 -0.1361 -0.1367 -0.1375 -0.1379 -0.1379 -0.1376)
(105.0000 0.0000 -0.2037 -0.2009 -0.2022 -0.2040 -0.2048 -0.2048 -0.2041)
(110.0000 0.0000 -0.2660 -0.2610 -0.2635 -0.2667 -0.2681 -0.2681 -0.2668)
(115.0000 0.0000 -0.3229 -0.3150 -0.3189 -0.3240 -0.3262 -0.3262 -0.3242)
(120.0000 0.0000 -0.3731 -0.3616 -0.3673 -0.3747 -0.3780 -0.3779 -0.3750)
(125.0000 0.0000 -0.4158 -0.3998 -0.4077 -0.4180 -0.4226 -0.4225 -0.4185)
(130.0000 0.0000 -0.4506 -0.4291 -0.4397 -0.4535 -0.4597 -0.4595 -0.4541)
(135.0000 0.0000 -0.4775 -0.4494 -0.4633 -0.4814 -0.4894 -0.4892 -0.4821)
(140.0000 0.0000 -0.4974 -0.4612 -0.4790 -0.5024 -0.5127 -0.5125 -0.5033)
(145.0000 0.0000 -0.5119 -0.4656 -0.4884 -0.5183 -0.5316 -0.5312 -0.5195)
(150.0000 0.0000 -0.5242 -0.4649 -0.4941 -0.5324 -0.5493 -0.5489 -0.5339)
(155.0000 0.0000 -0.5399 -0.4632 -0.5010 -0.5505 -0.5724 -0.5719 -0.5525)
(160.0000 0.0000 -0.5720 -0.4696 -0.5201 -0.5862 -0.6155 -0.6148 -0.5890)
(161.4290 0.0000 -0.5898 -0.4768 -0.5325 -0.6055 -0.6378 -0.6369 -0.6084)
(162.8570 0.0000 -0.6132 -0.4876 -0.5495 -0.6306 -0.6665 -0.6656 -0.6339)
(164.2860 0.0000 -0.6365 -0.4983 -0.5665 -0.6557 -0.6952 -0.6942 -0.6594)
(165.7140 0.0000 -0.6599 -0.5091 -0.5834 -0.6808 -0.7240 -0.7229 -0.6848)
(167.1430 0.0000 -0.6103 -0.4695 -0.5389 -0.6299 -0.6702 -0.6691 -0.6336)
(168.5710 0.0000 -0.5425 -0.4173 -0.4790 -0.5599 -0.5957 -0.5948 -0.5632)
(170.0000 0.0000 -0.4747 -0.3652 -0.4192 -0.4899 -0.5212 -0.5204 -0.4928)
(171.4290 0.0000 -0.4069 -0.3130 -0.3593 -0.4199 -0.4468 -0.4461 -0.4224)
(172.8570 0.0000 -0.3391 -0.2608 -0.2994 -0.3499 -0.3723 -0.3717 -0.3520)
(174.2860 0.0000 -0.2713 -0.2087 -0.2395 -0.2799 -0.2978 -0.2974 -0.2816)
(175.7140 0.0000 -0.2034 -0.1565 -0.1796 -0.2100 -0.2234 -0.2230 -0.2112)
(177.1430 0.0000 -0.1356 -0.1043 -0.1198 -0.1400 -0.1489 -0.1487 -0.1408)
(178.5710 0.0000 -0.0678 -0.0522 -0.0599 -0.0700 -0.0745 -0.0743 -0.0704)
(180.0000 0.0000 0.0000 0.0000 0.0000 0.0000 0.0000 0.0000 0.0000)
